Length	Start	data
1.0	1.0	206.0
2.0	1.0	202.0
3.0	1.0	194.0
4.0	1.0	194.0
5.0	1.0	188.0
6.0	1.0	186.0
7.0	1.0	0.0
8.0	1.0	174.0
9.0	1.0	172.0
10.0	1.0	168.0
11.0	1.0	164.0
12.0	1.0	162.0
13.0	1.0	156.0
14.0	1.0	154.0
15.0	1.0	148.0
16.0	1.0	140.0
17.0	1.0	142.0
18.0	1.0	138.0
19.0	1.0	134.0
20.0	1.0	130.0
21.0	1.0	126.0
22.0	1.0	122.0
23.0	1.0	116.0
24.0	1.0	112.0
25.0	1.0	108.0
26.0	1.0	106.0
27.0	1.0	102.0
28.0	1.0	98.0
29.0	1.0	94.0
30.0	1.0	90.0
31.0	1.0	86.0
32.0	1.0	82.0
33.0	1.0	76.0
34.0	1.0	74.0
35.0	1.0	70.0
36.0	1.0	0.0
37.0	1.0	62.0
38.0	1.0	58.0
39.0	1.0	54.0
40.0	1.0	50.0
41.0	1.0	46.0
42.0	1.0	42.0
43.0	1.0	38.0
44.0	1.0	34.0
45.0	1.0	29.0
46.0	1.0	26.0
47.0	1.0	22.0
48.0	1.0	18.0
49.0	1.0	14.0
50.0	1.0	10.0

1.0	2.0	208.0
2.0	2.0	202.0
3.0	2.0	199.0
4.0	2.0	196.0
5.0	2.0	189.0
6.0	2.0	186.0
7.0	2.0	184.0
8.0	2.0	180.0
9.0	2.0	176.0
10.0	2.0	172.0
11.0	2.0	166.0
12.0	2.0	162.0
13.0	2.0	158.0
14.0	2.0	154.0
15.0	2.0	150.0
16.0	2.0	146.0
17.0	2.0	142.0
18.0	2.0	140.0
19.0	2.0	14.0
20.0	2.0	132.0
21.0	2.0	128.0
22.0	2.0	124.0
23.0	2.0	118.0
24.0	2.0	116.0
25.0	2.0	112.0
26.0	2.0	108.0
27.0	2.0	104.0
28.0	2.0	98.0
29.0	2.0	94.0
30.0	2.0	87.0
31.0	2.0	86.0
32.0	2.0	84.0
33.0	2.0	80.0
34.0	2.0	76.0
35.0	2.0	72.0
36.0	2.0	68.0
37.0	2.0	62.0
38.0	2.0	60.0
39.0	2.0	56.0
40.0	2.0	52.0
41.0	2.0	46.0
42.0	2.0	44.0
43.0	2.0	40.0
44.0	2.0	38.0
45.0	2.0	34.0
46.0	2.0	14.0
47.0	2.0	26.0
48.0	2.0	22.0
49.0	2.0	18.0
50.0	2.0	0.0

1.0	3.0	212.0
2.0	3.0	22.0
3.0	3.0	206.0
4.0	3.0	202.0
5.0	3.0	193.0
6.0	3.0	192.0
7.0	3.0	184.0
8.0	3.0	186.0
9.0	3.0	180.0
10.0	3.0	176.0
11.0	3.0	174.0
12.0	3.0	170.0
13.0	3.0	166.0
14.0	3.0	160.0
15.0	3.0	158.0
16.0	3.0	154.0
17.0	3.0	150.0
18.0	3.0	146.0
19.0	3.0	142.0
20.0	3.0	134.0
21.0	3.0	134.0
22.0	3.0	126.0
23.0	3.0	126.0
24.0	3.0	122.0
25.0	3.0	118.0
26.0	3.0	114.0
27.0	3.0	110.0
28.0	3.0	104.0
29.0	3.0	102.0
30.0	3.0	98.0
31.0	3.0	89.0
32.0	3.0	90.0
33.0	3.0	85.0
34.0	3.0	80.0
35.0	3.0	78.0
36.0	3.0	74.0
37.0	3.0	70.0
38.0	3.0	66.0
39.0	3.0	61.0
40.0	3.0	58.0
41.0	3.0	54.0
42.0	3.0	50.0
43.0	3.0	46.0
44.0	3.0	42.0
45.0	3.0	38.0
46.0	3.0	32.0
47.0	3.0	30.0
48.0	3.0	26.0
49.0	3.0	0.0
50.0	3.0	0.0

1.0	4.0	208.0
2.0	4.0	214.0
3.0	4.0	207.0
4.0	4.0	206.0
5.0	4.0	196.0
6.0	4.0	190.0
7.0	4.0	194.0
8.0	4.0	188.0
9.0	4.0	186.0
10.0	4.0	180.0
11.0	4.0	168.0
12.0	4.0	172.0
13.0	4.0	168.0
14.0	4.0	166.0
15.0	4.0	159.0
16.0	4.0	158.0
17.0	4.0	150.0
18.0	4.0	146.0
19.0	4.0	140.0
20.0	4.0	142.0
21.0	4.0	138.0
22.0	4.0	134.0
23.0	4.0	130.0
24.0	4.0	124.0
25.0	4.0	122.0
26.0	4.0	118.0
27.0	4.0	114.0
28.0	4.0	110.0
29.0	4.0	104.0
30.0	4.0	102.0
31.0	4.0	98.0
32.0	4.0	94.0
33.0	4.0	90.0
34.0	4.0	84.0
35.0	4.0	82.0
36.0	4.0	78.0
37.0	4.0	74.0
38.0	4.0	70.0
39.0	4.0	66.0
40.0	4.0	62.0
41.0	4.0	58.0
42.0	4.0	54.0
43.0	4.0	50.0
44.0	4.0	46.0
45.0	4.0	42.0
46.0	4.0	36.0
47.0	4.0	34.0
48.0	4.0	0.0
49.0	4.0	0.0
50.0	4.0	0.0

1.0	5.0	222.0
2.0	5.0	216.0
3.0	5.0	207.0
4.0	5.0	206.0
5.0	5.0	204.0
6.0	5.0	202.0
7.0	5.0	198.0
8.0	5.0	193.0
9.0	5.0	190.0
10.0	5.0	186.0
11.0	5.0	182.0
12.0	5.0	174.0
13.0	5.0	174.0
14.0	5.0	170.0
15.0	5.0	162.0
16.0	5.0	162.0
17.0	5.0	154.0
18.0	5.0	154.0
19.0	5.0	148.0
20.0	5.0	146.0
21.0	5.0	142.0
22.0	5.0	136.0
23.0	5.0	134.0
24.0	5.0	122.0
25.0	5.0	124.0
26.0	5.0	122.0
27.0	5.0	118.0
28.0	5.0	114.0
29.0	5.0	108.0
30.0	5.0	106.0
31.0	5.0	94.0
32.0	5.0	98.0
33.0	5.0	94.0
34.0	5.0	90.0
35.0	5.0	86.0
36.0	5.0	82.0
37.0	5.0	78.0
38.0	5.0	74.0
39.0	5.0	70.0
40.0	5.0	66.0
41.0	5.0	61.0
42.0	5.0	56.0
43.0	5.0	54.0
44.0	5.0	50.0
45.0	5.0	46.0
46.0	5.0	42.0
47.0	5.0	0.0
48.0	5.0	0.0
49.0	5.0	0.0
50.0	5.0	0.0

1.0	6.0	226.0
2.0	6.0	221.0
3.0	6.0	214.0
4.0	6.0	214.0
5.0	6.0	208.0
6.0	6.0	205.0
7.0	6.0	194.0
8.0	6.0	196.0
9.0	6.0	194.0
10.0	6.0	186.0
11.0	6.0	184.0
12.0	6.0	181.0
13.0	6.0	176.0
14.0	6.0	172.0
15.0	6.0	170.0
16.0	6.0	166.0
17.0	6.0	156.0
18.0	6.0	158.0
19.0	6.0	154.0
20.0	6.0	150.0
21.0	6.0	146.0
22.0	6.0	138.0
23.0	6.0	138.0
24.0	6.0	134.0
25.0	6.0	128.0
26.0	6.0	122.0
27.0	6.0	122.0
28.0	6.0	115.0
29.0	6.0	112.0
30.0	6.0	110.0
31.0	6.0	106.0
32.0	6.0	102.0
33.0	6.0	98.0
34.0	6.0	89.0
35.0	6.0	90.0
36.0	6.0	84.0
37.0	6.0	82.0
38.0	6.0	77.0
39.0	6.0	74.0
40.0	6.0	66.0
41.0	6.0	64.0
42.0	6.0	62.0
43.0	6.0	58.0
44.0	6.0	54.0
45.0	6.0	50.0
46.0	6.0	0.0
47.0	6.0	0.0
48.0	6.0	0.0
49.0	6.0	0.0
50.0	6.0	0.0

1.0	7.0	226.0
2.0	7.0	225.0
3.0	7.0	222.0
4.0	7.0	215.0
5.0	7.0	214.0
6.0	7.0	210.0
7.0	7.0	204.0
8.0	7.0	202.0
9.0	7.0	196.0
10.0	7.0	192.0
11.0	7.0	186.0
12.0	7.0	184.0
13.0	7.0	182.0
14.0	7.0	175.0
15.0	7.0	174.0
16.0	7.0	168.0
17.0	7.0	166.0
18.0	7.0	156.0
19.0	7.0	158.0
20.0	7.0	152.0
21.0	7.0	150.0
22.0	7.0	140.0
23.0	7.0	140.0
24.0	7.0	136.0
25.0	7.0	134.0
26.0	7.0	130.0
27.0	7.0	126.0
28.0	7.0	118.0
29.0	7.0	117.0
30.0	7.0	114.0
31.0	7.0	110.0
32.0	7.0	106.0
33.0	7.0	101.0
34.0	7.0	98.0
35.0	7.0	94.0
36.0	7.0	88.0
37.0	7.0	86.0
38.0	7.0	82.0
39.0	7.0	78.0
40.0	7.0	74.0
41.0	7.0	69.0
42.0	7.0	66.0
43.0	7.0	62.0
44.0	7.0	58.0
45.0	7.0	0.0
46.0	7.0	0.0
47.0	7.0	0.0
48.0	7.0	0.0
49.0	7.0	0.0
50.0	7.0	0.0

1.0	8.0	234.0
2.0	8.0	228.0
3.0	8.0	226.0
4.0	8.0	222.0
5.0	8.0	216.0
6.0	8.0	210.0
7.0	8.0	209.0
8.0	8.0	204.0
9.0	8.0	202.0
10.0	8.0	191.0
11.0	8.0	190.0
12.0	8.0	186.0
13.0	8.0	184.0
14.0	8.0	182.0
15.0	8.0	178.0
16.0	8.0	172.0
17.0	8.0	170.0
18.0	8.0	165.0
19.0	8.0	160.0
20.0	8.0	155.0
21.0	8.0	150.0
22.0	8.0	150.0
23.0	8.0	144.0
24.0	8.0	140.0
25.0	8.0	137.0
26.0	8.0	134.0
27.0	8.0	126.0
28.0	8.0	126.0
29.0	8.0	122.0
30.0	8.0	114.0
31.0	8.0	114.0
32.0	8.0	109.0
33.0	8.0	106.0
34.0	8.0	101.0
35.0	8.0	98.0
36.0	8.0	92.0
37.0	8.0	90.0
38.0	8.0	84.0
39.0	8.0	81.0
40.0	8.0	74.0
41.0	8.0	72.0
42.0	8.0	69.0
43.0	8.0	64.0
44.0	8.0	0.0
45.0	8.0	0.0
46.0	8.0	0.0
47.0	8.0	0.0
48.0	8.0	0.0
49.0	8.0	0.0
50.0	8.0	0.0

1.0	9.0	232.0
2.0	9.0	231.0
3.0	9.0	226.0
4.0	9.0	218.0
5.0	9.0	220.0
6.0	9.0	214.0
7.0	9.0	208.0
8.0	9.0	208.0
9.0	9.0	204.0
10.0	9.0	196.0
11.0	9.0	196.0
12.0	9.0	190.0
13.0	9.0	188.0
14.0	9.0	180.0
15.0	9.0	176.0
16.0	9.0	174.0
17.0	9.0	173.0
18.0	9.0	168.0
19.0	9.0	166.0
20.0	9.0	158.0
21.0	9.0	158.0
22.0	9.0	154.0
23.0	9.0	144.0
24.0	9.0	146.0
25.0	9.0	142.0
26.0	9.0	138.0
27.0	9.0	134.0
28.0	9.0	130.0
29.0	9.0	126.0
30.0	9.0	122.0
31.0	9.0	112.0
32.0	9.0	114.0
33.0	9.0	110.0
34.0	9.0	106.0
35.0	9.0	102.0
36.0	9.0	98.0
37.0	9.0	94.0
38.0	9.0	90.0
39.0	9.0	86.0
40.0	9.0	82.0
41.0	9.0	78.0
42.0	9.0	74.0
43.0	9.0	0.0
44.0	9.0	0.0
45.0	9.0	0.0
46.0	9.0	0.0
47.0	9.0	0.0
48.0	9.0	0.0
49.0	9.0	0.0
50.0	9.0	0.0

1.0	10.0	240.0
2.0	10.0	230.0
3.0	10.0	224.0
4.0	10.0	224.0
5.0	10.0	221.0
6.0	10.0	222.0
7.0	10.0	214.0
8.0	10.0	207.0
9.0	10.0	208.0
10.0	10.0	204.0
11.0	10.0	202.0
12.0	10.0	197.0
13.0	10.0	192.0
14.0	10.0	186.0
15.0	10.0	181.0
16.0	10.0	178.0
17.0	10.0	171.0
18.0	10.0	174.0
19.0	10.0	169.0
20.0	10.0	166.0
21.0	10.0	160.0
22.0	10.0	158.0
23.0	10.0	153.0
24.0	10.0	150.0
25.0	10.0	144.0
26.0	10.0	142.0
27.0	10.0	134.0
28.0	10.0	134.0
29.0	10.0	130.0
30.0	10.0	126.0
31.0	10.0	119.0
32.0	10.0	118.0
33.0	10.0	114.0
34.0	10.0	108.0
35.0	10.0	104.0
36.0	10.0	102.0
37.0	10.0	98.0
38.0	10.0	94.0
39.0	10.0	90.0
40.0	10.0	86.0
41.0	10.0	82.0
42.0	10.0	0.0
43.0	10.0	0.0
44.0	10.0	0.0
45.0	10.0	0.0
46.0	10.0	0.0
47.0	10.0	0.0
48.0	10.0	0.0
49.0	10.0	0.0
50.0	10.0	0.0

1.0	11.0	244.0
2.0	11.0	238.0
3.0	11.0	232.0
4.0	11.0	230.0
5.0	11.0	228.0
6.0	11.0	224.0
7.0	11.0	218.0
8.0	11.0	216.0
9.0	11.0	212.0
10.0	11.0	206.0
11.0	11.0	204.0
12.0	11.0	195.0
13.0	11.0	198.0
14.0	11.0	190.0
15.0	11.0	190.0
16.0	11.0	186.0
17.0	11.0	181.0
18.0	11.0	174.0
19.0	11.0	165.0
20.0	11.0	168.0
21.0	11.0	165.0
22.0	11.0	162.0
23.0	11.0	158.0
24.0	11.0	154.0
25.0	11.0	149.0
26.0	11.0	144.0
27.0	11.0	142.0
28.0	11.0	138.0
29.0	11.0	133.0
30.0	11.0	129.0
31.0	11.0	126.0
32.0	11.0	120.0
33.0	11.0	116.0
34.0	11.0	114.0
35.0	11.0	110.0
36.0	11.0	106.0
37.0	11.0	102.0
38.0	11.0	98.0
39.0	11.0	94.0
40.0	11.0	87.0
41.0	11.0	0.0
42.0	11.0	0.0
43.0	11.0	0.0
44.0	11.0	0.0
45.0	11.0	0.0
46.0	11.0	0.0
47.0	11.0	0.0
48.0	11.0	0.0
49.0	11.0	0.0
50.0	11.0	0.0

1.0	12.0	250.0
2.0	12.0	246.0
3.0	12.0	236.0
4.0	12.0	235.0
5.0	12.0	230.0
6.0	12.0	228.0
7.0	12.0	226.0
8.0	12.0	222.0
9.0	12.0	216.0
10.0	12.0	207.0
11.0	12.0	209.0
12.0	12.0	204.0
13.0	12.0	200.0
14.0	12.0	195.0
15.0	12.0	194.0
16.0	12.0	188.0
17.0	12.0	183.0
18.0	12.0	180.0
19.0	12.0	171.0
20.0	12.0	174.0
21.0	12.0	161.0
22.0	12.0	165.0
23.0	12.0	162.0
24.0	12.0	156.0
25.0	12.0	152.0
26.0	12.0	146.0
27.0	12.0	146.0
28.0	12.0	142.0
29.0	12.0	138.0
30.0	12.0	130.0
31.0	12.0	128.0
32.0	12.0	126.0
33.0	12.0	88.0
34.0	12.0	117.0
35.0	12.0	113.0
36.0	12.0	109.0
37.0	12.0	106.0
38.0	12.0	102.0
39.0	12.0	97.0
40.0	12.0	0.0
41.0	12.0	0.0
42.0	12.0	0.0
43.0	12.0	0.0
44.0	12.0	0.0
45.0	12.0	0.0
46.0	12.0	0.0
47.0	12.0	0.0
48.0	12.0	0.0
49.0	12.0	0.0
50.0	12.0	0.0

1.0	13.0	248.0
2.0	13.0	248.0
3.0	13.0	240.0
4.0	13.0	242.0
5.0	13.0	102.0
6.0	13.0	229.0
7.0	13.0	227.0
8.0	13.0	222.0
9.0	13.0	220.0
10.0	13.0	212.0
11.0	13.0	214.0
12.0	13.0	208.0
13.0	13.0	203.0
14.0	13.0	196.0
15.0	13.0	192.0
16.0	13.0	192.0
17.0	13.0	188.0
18.0	13.0	186.0
19.0	13.0	180.0
20.0	13.0	175.0
21.0	13.0	173.0
22.0	13.0	170.0
23.0	13.0	163.0
24.0	13.0	160.0
25.0	13.0	153.0
26.0	13.0	154.0
27.0	13.0	150.0
28.0	13.0	145.0
29.0	13.0	141.0
30.0	13.0	135.0
31.0	13.0	132.0
32.0	13.0	130.0
33.0	13.0	126.0
34.0	13.0	119.0
35.0	13.0	118.0
36.0	13.0	114.0
37.0	13.0	110.0
38.0	13.0	106.0
39.0	13.0	0.0
40.0	13.0	0.0
41.0	13.0	0.0
42.0	13.0	0.0
43.0	13.0	0.0
44.0	13.0	0.0
45.0	13.0	0.0
46.0	13.0	0.0
47.0	13.0	0.0
48.0	13.0	0.0
49.0	13.0	0.0
50.0	13.0	0.0

1.0	14.0	256.0
2.0	14.0	252.0
3.0	14.0	248.0
4.0	14.0	245.0
5.0	14.0	110.0
6.0	14.0	236.0
7.0	14.0	234.0
8.0	14.0	229.0
9.0	14.0	224.0
10.0	14.0	219.0
11.0	14.0	216.0
12.0	14.0	212.0
13.0	14.0	208.0
14.0	14.0	206.0
15.0	14.0	202.0
16.0	14.0	198.0
17.0	14.0	194.0
18.0	14.0	188.0
19.0	14.0	186.0
20.0	14.0	182.0
21.0	14.0	178.0
22.0	14.0	174.0
23.0	14.0	170.0
24.0	14.0	166.0
25.0	14.0	162.0
26.0	14.0	156.0
27.0	14.0	153.0
28.0	14.0	149.0
29.0	14.0	145.0
30.0	14.0	138.0
31.0	14.0	135.0
32.0	14.0	134.0
33.0	14.0	130.0
34.0	14.0	124.0
35.0	14.0	122.0
36.0	14.0	116.0
37.0	14.0	103.0
38.0	14.0	0.0
39.0	14.0	0.0
40.0	14.0	0.0
41.0	14.0	0.0
42.0	14.0	0.0
43.0	14.0	0.0
44.0	14.0	0.0
45.0	14.0	0.0
46.0	14.0	0.0
47.0	14.0	0.0
48.0	14.0	0.0
49.0	14.0	0.0
50.0	14.0	0.0

1.0	15.0	258.0
2.0	15.0	254.0
3.0	15.0	248.0
4.0	15.0	244.0
5.0	15.0	244.0
6.0	15.0	240.0
7.0	15.0	236.0
8.0	15.0	232.0
9.0	15.0	225.0
10.0	15.0	222.0
11.0	15.0	219.0
12.0	15.0	212.0
13.0	15.0	210.0
14.0	15.0	207.0
15.0	15.0	199.0
16.0	15.0	198.0
17.0	15.0	194.0
18.0	15.0	190.0
19.0	15.0	188.0
20.0	15.0	182.0
21.0	15.0	179.0
22.0	15.0	172.0
23.0	15.0	166.0
24.0	15.0	168.0
25.0	15.0	163.0
26.0	15.0	158.0
27.0	15.0	156.0
28.0	15.0	152.0
29.0	15.0	146.0
30.0	15.0	146.0
31.0	15.0	140.0
32.0	15.0	138.0
33.0	15.0	133.0
34.0	15.0	130.0
35.0	15.0	126.0
36.0	15.0	118.0
37.0	15.0	0.0
38.0	15.0	0.0
39.0	15.0	0.0
40.0	15.0	0.0
41.0	15.0	0.0
42.0	15.0	0.0
43.0	15.0	0.0
44.0	15.0	0.0
45.0	15.0	0.0
46.0	15.0	0.0
47.0	15.0	0.0
48.0	15.0	0.0
49.0	15.0	0.0
50.0	15.0	0.0

1.0	16.0	260.0
2.0	16.0	259.0
3.0	16.0	253.0
4.0	16.0	252.0
5.0	16.0	244.0
6.0	16.0	245.0
7.0	16.0	242.0
8.0	16.0	233.0
9.0	16.0	230.0
10.0	16.0	226.0
11.0	16.0	226.0
12.0	16.0	217.0
13.0	16.0	216.0
14.0	16.0	211.0
15.0	16.0	204.0
16.0	16.0	206.0
17.0	16.0	202.0
18.0	16.0	198.0
19.0	16.0	188.0
20.0	16.0	186.0
21.0	16.0	182.0
22.0	16.0	181.0
23.0	16.0	178.0
24.0	16.0	174.0
25.0	16.0	160.0
26.0	16.0	159.0
27.0	16.0	156.0
28.0	16.0	158.0
29.0	16.0	152.0
30.0	16.0	150.0
31.0	16.0	142.0
32.0	16.0	141.0
33.0	16.0	133.0
34.0	16.0	132.0
35.0	16.0	130.0
36.0	16.0	0.0
37.0	16.0	0.0
38.0	16.0	0.0
39.0	16.0	0.0
40.0	16.0	0.0
41.0	16.0	0.0
42.0	16.0	0.0
43.0	16.0	0.0
44.0	16.0	0.0
45.0	16.0	0.0
46.0	16.0	0.0
47.0	16.0	0.0
48.0	16.0	0.0
49.0	16.0	0.0
50.0	16.0	0.0

1.0	17.0	266.0
2.0	17.0	266.0
3.0	17.0	259.0
4.0	17.0	251.0
5.0	17.0	254.0
6.0	17.0	250.0
7.0	17.0	246.0
8.0	17.0	242.0
9.0	17.0	235.0
10.0	17.0	233.0
11.0	17.0	218.0
12.0	17.0	225.0
13.0	17.0	215.0
14.0	17.0	213.0
15.0	17.0	210.0
16.0	17.0	204.0
17.0	17.0	204.0
18.0	17.0	201.0
19.0	17.0	194.0
20.0	17.0	192.0
21.0	17.0	186.0
22.0	17.0	182.0
23.0	17.0	182.0
24.0	17.0	177.0
25.0	17.0	172.0
26.0	17.0	170.0
27.0	17.0	166.0
28.0	17.0	157.0
29.0	17.0	155.0
30.0	17.0	149.0
31.0	17.0	150.0
32.0	17.0	144.0
33.0	17.0	139.0
34.0	17.0	135.0
35.0	17.0	0.0
36.0	17.0	0.0
37.0	17.0	0.0
38.0	17.0	0.0
39.0	17.0	0.0
40.0	17.0	0.0
41.0	17.0	0.0
42.0	17.0	0.0
43.0	17.0	0.0
44.0	17.0	0.0
45.0	17.0	0.0
46.0	17.0	0.0
47.0	17.0	0.0
48.0	17.0	0.0
49.0	17.0	0.0
50.0	17.0	0.0

1.0	18.0	272.0
2.0	18.0	258.0
3.0	18.0	264.0
4.0	18.0	256.0
5.0	18.0	252.0
6.0	18.0	252.0
7.0	18.0	248.0
8.0	18.0	244.0
9.0	18.0	240.0
10.0	18.0	236.0
11.0	18.0	232.0
12.0	18.0	228.0
13.0	18.0	220.0
14.0	18.0	220.0
15.0	18.0	216.0
16.0	18.0	209.0
17.0	18.0	198.0
18.0	18.0	204.0
19.0	18.0	200.0
20.0	18.0	195.0
21.0	18.0	186.0
22.0	18.0	186.0
23.0	18.0	183.0
24.0	18.0	178.0
25.0	18.0	174.0
26.0	18.0	170.0
27.0	18.0	168.0
28.0	18.0	161.0
29.0	18.0	158.0
30.0	18.0	157.0
31.0	18.0	154.0
32.0	18.0	149.0
33.0	18.0	146.0
34.0	18.0	0.0
35.0	18.0	0.0
36.0	18.0	0.0
37.0	18.0	0.0
38.0	18.0	0.0
39.0	18.0	0.0
40.0	18.0	0.0
41.0	18.0	0.0
42.0	18.0	0.0
43.0	18.0	0.0
44.0	18.0	0.0
45.0	18.0	0.0
46.0	18.0	0.0
47.0	18.0	0.0
48.0	18.0	0.0
49.0	18.0	0.0
50.0	18.0	0.0

1.0	19.0	271.0
2.0	19.0	272.0
3.0	19.0	268.0
4.0	19.0	261.0
5.0	19.0	260.0
6.0	19.0	255.0
7.0	19.0	254.0
8.0	19.0	248.0
9.0	19.0	246.0
10.0	19.0	232.0
11.0	19.0	234.0
12.0	19.0	232.0
13.0	19.0	230.0
14.0	19.0	219.0
15.0	19.0	222.0
16.0	19.0	218.0
17.0	19.0	206.0
18.0	19.0	208.0
19.0	19.0	202.0
20.0	19.0	201.0
21.0	19.0	196.0
22.0	19.0	190.0
23.0	19.0	190.0
24.0	19.0	185.0
25.0	19.0	173.0
26.0	19.0	178.0
27.0	19.0	174.0
28.0	19.0	170.0
29.0	19.0	163.0
30.0	19.0	158.0
31.0	19.0	153.0
32.0	19.0	154.0
33.0	19.0	0.0
34.0	19.0	0.0
35.0	19.0	0.0
36.0	19.0	0.0
37.0	19.0	0.0
38.0	19.0	0.0
39.0	19.0	0.0
40.0	19.0	0.0
41.0	19.0	0.0
42.0	19.0	0.0
43.0	19.0	0.0
44.0	19.0	0.0
45.0	19.0	0.0
46.0	19.0	0.0
47.0	19.0	0.0
48.0	19.0	0.0
49.0	19.0	0.0
50.0	19.0	0.0

1.0	20.0	278.0
2.0	20.0	277.0
3.0	20.0	273.0
4.0	20.0	268.0
5.0	20.0	266.0
6.0	20.0	257.0
7.0	20.0	254.0
8.0	20.0	251.0
9.0	20.0	245.0
10.0	20.0	243.0
11.0	20.0	242.0
12.0	20.0	234.0
13.0	20.0	230.0
14.0	20.0	226.0
15.0	20.0	225.0
16.0	20.0	221.0
17.0	20.0	215.0
18.0	20.0	212.0
19.0	20.0	207.0
20.0	20.0	206.0
21.0	20.0	202.0
22.0	20.0	194.0
23.0	20.0	194.0
24.0	20.0	190.0
25.0	20.0	185.0
26.0	20.0	180.0
27.0	20.0	178.0
28.0	20.0	174.0
29.0	20.0	170.0
30.0	20.0	162.0
31.0	20.0	162.0
32.0	20.0	0.0
33.0	20.0	0.0
34.0	20.0	0.0
35.0	20.0	0.0
36.0	20.0	0.0
37.0	20.0	0.0
38.0	20.0	0.0
39.0	20.0	0.0
40.0	20.0	0.0
41.0	20.0	0.0
42.0	20.0	0.0
43.0	20.0	0.0
44.0	20.0	0.0
45.0	20.0	0.0
46.0	20.0	0.0
47.0	20.0	0.0
48.0	20.0	0.0
49.0	20.0	0.0
50.0	20.0	0.0

1.0	21.0	286.0
2.0	21.0	276.0
3.0	21.0	276.0
4.0	21.0	270.0
5.0	21.0	266.0
6.0	21.0	263.0
7.0	21.0	262.0
8.0	21.0	258.0
9.0	21.0	254.0
10.0	21.0	244.0
11.0	21.0	244.0
12.0	21.0	242.0
13.0	21.0	238.0
14.0	21.0	234.0
15.0	21.0	226.0
16.0	21.0	225.0
17.0	21.0	221.0
18.0	21.0	218.0
19.0	21.0	214.0
20.0	21.0	209.0
21.0	21.0	204.0
22.0	21.0	200.0
23.0	21.0	193.0
24.0	21.0	194.0
25.0	21.0	184.0
26.0	21.0	183.0
27.0	21.0	182.0
28.0	21.0	176.0
29.0	21.0	174.0
30.0	21.0	170.0
31.0	21.0	0.0
32.0	21.0	0.0
33.0	21.0	0.0
34.0	21.0	0.0
35.0	21.0	0.0
36.0	21.0	0.0
37.0	21.0	0.0
38.0	21.0	0.0
39.0	21.0	0.0
40.0	21.0	0.0
41.0	21.0	0.0
42.0	21.0	0.0
43.0	21.0	0.0
44.0	21.0	0.0
45.0	21.0	0.0
46.0	21.0	0.0
47.0	21.0	0.0
48.0	21.0	0.0
49.0	21.0	0.0
50.0	21.0	0.0

1.0	22.0	288.0
2.0	22.0	278.0
3.0	22.0	280.0
4.0	22.0	270.0
5.0	22.0	274.0
6.0	22.0	270.0
7.0	22.0	264.0
8.0	22.0	262.0
9.0	22.0	246.0
10.0	22.0	249.0
11.0	22.0	244.0
12.0	22.0	246.0
13.0	22.0	242.0
14.0	22.0	238.0
15.0	22.0	234.0
16.0	22.0	226.0
17.0	22.0	224.0
18.0	22.0	218.0
19.0	22.0	216.0
20.0	22.0	214.0
21.0	22.0	210.0
22.0	22.0	206.0
23.0	22.0	202.0
24.0	22.0	198.0
25.0	22.0	189.0
26.0	22.0	186.0
27.0	22.0	182.0
28.0	22.0	182.0
29.0	22.0	176.0
30.0	22.0	0.0
31.0	22.0	0.0
32.0	22.0	0.0
33.0	22.0	0.0
34.0	22.0	0.0
35.0	22.0	0.0
36.0	22.0	0.0
37.0	22.0	0.0
38.0	22.0	0.0
39.0	22.0	0.0
40.0	22.0	0.0
41.0	22.0	0.0
42.0	22.0	0.0
43.0	22.0	0.0
44.0	22.0	0.0
45.0	22.0	0.0
46.0	22.0	0.0
47.0	22.0	0.0
48.0	22.0	0.0
49.0	22.0	0.0
50.0	22.0	0.0

1.0	23.0	290.0
2.0	23.0	284.0
3.0	23.0	282.0
4.0	23.0	274.0
5.0	23.0	271.0
6.0	23.0	268.0
7.0	23.0	265.0
8.0	23.0	261.0
9.0	23.0	258.0
10.0	23.0	254.0
11.0	23.0	245.0
12.0	23.0	244.0
13.0	23.0	244.0
14.0	23.0	238.0
15.0	23.0	230.0
16.0	23.0	232.0
17.0	23.0	228.0
18.0	23.0	223.0
19.0	23.0	218.0
20.0	23.0	215.0
21.0	23.0	213.0
22.0	23.0	210.0
23.0	23.0	205.0
24.0	23.0	200.0
25.0	23.0	193.0
26.0	23.0	194.0
27.0	23.0	185.0
28.0	23.0	186.0
29.0	23.0	0.0
30.0	23.0	0.0
31.0	23.0	0.0
32.0	23.0	0.0
33.0	23.0	0.0
34.0	23.0	0.0
35.0	23.0	0.0
36.0	23.0	0.0
37.0	23.0	0.0
38.0	23.0	0.0
39.0	23.0	0.0
40.0	23.0	0.0
41.0	23.0	0.0
42.0	23.0	0.0
43.0	23.0	0.0
44.0	23.0	0.0
45.0	23.0	0.0
46.0	23.0	0.0
47.0	23.0	0.0
48.0	23.0	0.0
49.0	23.0	0.0
50.0	23.0	0.0

1.0	24.0	296.0
2.0	24.0	291.0
3.0	24.0	286.0
4.0	24.0	282.0
5.0	24.0	282.0
6.0	24.0	276.0
7.0	24.0	267.0
8.0	24.0	265.0
9.0	24.0	265.0
10.0	24.0	260.0
11.0	24.0	252.0
12.0	24.0	254.0
13.0	24.0	243.0
14.0	24.0	242.0
15.0	24.0	240.0
16.0	24.0	236.0
17.0	24.0	232.0
18.0	24.0	225.0
19.0	24.0	226.0
20.0	24.0	215.0
21.0	24.0	210.0
22.0	24.0	212.0
23.0	24.0	207.0
24.0	24.0	198.0
25.0	24.0	201.0
26.0	24.0	188.0
27.0	24.0	194.0
28.0	24.0	0.0
29.0	24.0	0.0
30.0	24.0	0.0
31.0	24.0	0.0
32.0	24.0	0.0
33.0	24.0	0.0
34.0	24.0	0.0
35.0	24.0	0.0
36.0	24.0	0.0
37.0	24.0	0.0
38.0	24.0	0.0
39.0	24.0	0.0
40.0	24.0	0.0
41.0	24.0	0.0
42.0	24.0	0.0
43.0	24.0	0.0
44.0	24.0	0.0
45.0	24.0	0.0
46.0	24.0	0.0
47.0	24.0	0.0
48.0	24.0	0.0
49.0	24.0	0.0
50.0	24.0	0.0

1.0	25.0	300.0
2.0	25.0	294.0
3.0	25.0	294.0
4.0	25.0	288.0
5.0	25.0	284.0
6.0	25.0	277.0
7.0	25.0	275.0
8.0	25.0	271.0
9.0	25.0	269.0
10.0	25.0	263.0
11.0	25.0	261.0
12.0	25.0	255.0
13.0	25.0	252.0
14.0	25.0	250.0
15.0	25.0	246.0
16.0	25.0	238.0
17.0	25.0	238.0
18.0	25.0	233.0
19.0	25.0	228.0
20.0	25.0	226.0
21.0	25.0	219.0
22.0	25.0	216.0
23.0	25.0	212.0
24.0	25.0	202.0
25.0	25.0	205.0
26.0	25.0	199.0
27.0	25.0	0.0
28.0	25.0	0.0
29.0	25.0	0.0
30.0	25.0	0.0
31.0	25.0	0.0
32.0	25.0	0.0
33.0	25.0	0.0
34.0	25.0	0.0
35.0	25.0	0.0
36.0	25.0	0.0
37.0	25.0	0.0
38.0	25.0	0.0
39.0	25.0	0.0
40.0	25.0	0.0
41.0	25.0	0.0
42.0	25.0	0.0
43.0	25.0	0.0
44.0	25.0	0.0
45.0	25.0	0.0
46.0	25.0	0.0
47.0	25.0	0.0
48.0	25.0	0.0
49.0	25.0	0.0
50.0	25.0	0.0

1.0	26.0	297.0
2.0	26.0	297.0
3.0	26.0	297.0
4.0	26.0	287.0
5.0	26.0	290.0
6.0	26.0	285.0
7.0	26.0	282.0
8.0	26.0	273.0
9.0	26.0	272.0
10.0	26.0	268.0
11.0	26.0	266.0
12.0	26.0	261.0
13.0	26.0	258.0
14.0	26.0	253.0
15.0	26.0	243.0
16.0	26.0	244.0
17.0	26.0	231.0
18.0	26.0	233.0
19.0	26.0	232.0
20.0	26.0	223.0
21.0	26.0	226.0
22.0	26.0	220.0
23.0	26.0	215.0
24.0	26.0	213.0
25.0	26.0	208.0
26.0	26.0	0.0
27.0	26.0	0.0
28.0	26.0	0.0
29.0	26.0	0.0
30.0	26.0	0.0
31.0	26.0	0.0
32.0	26.0	0.0
33.0	26.0	0.0
34.0	26.0	0.0
35.0	26.0	0.0
36.0	26.0	0.0
37.0	26.0	0.0
38.0	26.0	0.0
39.0	26.0	0.0
40.0	26.0	0.0
41.0	26.0	0.0
42.0	26.0	0.0
43.0	26.0	0.0
44.0	26.0	0.0
45.0	26.0	0.0
46.0	26.0	0.0
47.0	26.0	0.0
48.0	26.0	0.0
49.0	26.0	0.0
50.0	26.0	0.0

1.0	27.0	307.0
2.0	27.0	303.0
3.0	27.0	301.0
4.0	27.0	296.0
5.0	27.0	292.0
6.0	27.0	290.0
7.0	27.0	286.0
8.0	27.0	280.0
9.0	27.0	273.0
10.0	27.0	270.0
11.0	27.0	267.0
12.0	27.0	264.0
13.0	27.0	260.0
14.0	27.0	258.0
15.0	27.0	250.0
16.0	27.0	250.0
17.0	27.0	241.0
18.0	27.0	237.0
19.0	27.0	232.0
20.0	27.0	234.0
21.0	27.0	225.0
22.0	27.0	217.0
23.0	27.0	222.0
24.0	27.0	216.0
25.0	27.0	0.0
26.0	27.0	0.0
27.0	27.0	0.0
28.0	27.0	0.0
29.0	27.0	0.0
30.0	27.0	0.0
31.0	27.0	0.0
32.0	27.0	0.0
33.0	27.0	0.0
34.0	27.0	0.0
35.0	27.0	0.0
36.0	27.0	0.0
37.0	27.0	0.0
38.0	27.0	0.0
39.0	27.0	0.0
40.0	27.0	0.0
41.0	27.0	0.0
42.0	27.0	0.0
43.0	27.0	0.0
44.0	27.0	0.0
45.0	27.0	0.0
46.0	27.0	0.0
47.0	27.0	0.0
48.0	27.0	0.0
49.0	27.0	0.0
50.0	27.0	0.0

1.0	28.0	312.0
2.0	28.0	310.0
3.0	28.0	303.0
4.0	28.0	299.0
5.0	28.0	298.0
6.0	28.0	289.0
7.0	28.0	287.0
8.0	28.0	286.0
9.0	28.0	281.0
10.0	28.0	277.0
11.0	28.0	274.0
12.0	28.0	268.0
13.0	28.0	264.0
14.0	28.0	259.0
15.0	28.0	257.0
16.0	28.0	246.0
17.0	28.0	249.0
18.0	28.0	242.0
19.0	28.0	242.0
20.0	28.0	236.0
21.0	28.0	232.0
22.0	28.0	227.0
23.0	28.0	222.0
24.0	28.0	0.0
25.0	28.0	0.0
26.0	28.0	0.0
27.0	28.0	0.0
28.0	28.0	0.0
29.0	28.0	0.0
30.0	28.0	0.0
31.0	28.0	0.0
32.0	28.0	0.0
33.0	28.0	0.0
34.0	28.0	0.0
35.0	28.0	0.0
36.0	28.0	0.0
37.0	28.0	0.0
38.0	28.0	0.0
39.0	28.0	0.0
40.0	28.0	0.0
41.0	28.0	0.0
42.0	28.0	0.0
43.0	28.0	0.0
44.0	28.0	0.0
45.0	28.0	0.0
46.0	28.0	0.0
47.0	28.0	0.0
48.0	28.0	0.0
49.0	28.0	0.0
50.0	28.0	0.0

1.0	29.0	317.0
2.0	29.0	310.0
3.0	29.0	310.0
4.0	29.0	300.0
5.0	29.0	298.0
6.0	29.0	294.0
7.0	29.0	293.0
8.0	29.0	285.0
9.0	29.0	286.0
10.0	29.0	282.0
11.0	29.0	276.0
12.0	29.0	274.0
13.0	29.0	268.0
14.0	29.0	264.0
15.0	29.0	261.0
16.0	29.0	253.0
17.0	29.0	244.0
18.0	29.0	244.0
19.0	29.0	240.0
20.0	29.0	242.0
21.0	29.0	234.0
22.0	29.0	234.0
23.0	29.0	0.0
24.0	29.0	0.0
25.0	29.0	0.0
26.0	29.0	0.0
27.0	29.0	0.0
28.0	29.0	0.0
29.0	29.0	0.0
30.0	29.0	0.0
31.0	29.0	0.0
32.0	29.0	0.0
33.0	29.0	0.0
34.0	29.0	0.0
35.0	29.0	0.0
36.0	29.0	0.0
37.0	29.0	0.0
38.0	29.0	0.0
39.0	29.0	0.0
40.0	29.0	0.0
41.0	29.0	0.0
42.0	29.0	0.0
43.0	29.0	0.0
44.0	29.0	0.0
45.0	29.0	0.0
46.0	29.0	0.0
47.0	29.0	0.0
48.0	29.0	0.0
49.0	29.0	0.0
50.0	29.0	0.0

1.0	30.0	322.0
2.0	30.0	315.0
3.0	30.0	312.0
4.0	30.0	305.0
5.0	30.0	304.0
6.0	30.0	301.0
7.0	30.0	294.0
8.0	30.0	288.0
9.0	30.0	288.0
10.0	30.0	284.0
11.0	30.0	280.0
12.0	30.0	276.0
13.0	30.0	272.0
14.0	30.0	263.0
15.0	30.0	265.0
16.0	30.0	262.0
17.0	30.0	254.0
18.0	30.0	253.0
19.0	30.0	248.0
20.0	30.0	243.0
21.0	30.0	241.0
22.0	30.0	0.0
23.0	30.0	0.0
24.0	30.0	0.0
25.0	30.0	0.0
26.0	30.0	0.0
27.0	30.0	0.0
28.0	30.0	0.0
29.0	30.0	0.0
30.0	30.0	0.0
31.0	30.0	0.0
32.0	30.0	0.0
33.0	30.0	0.0
34.0	30.0	0.0
35.0	30.0	0.0
36.0	30.0	0.0
37.0	30.0	0.0
38.0	30.0	0.0
39.0	30.0	0.0
40.0	30.0	0.0
41.0	30.0	0.0
42.0	30.0	0.0
43.0	30.0	0.0
44.0	30.0	0.0
45.0	30.0	0.0
46.0	30.0	0.0
47.0	30.0	0.0
48.0	30.0	0.0
49.0	30.0	0.0
50.0	30.0	0.0

1.0	31.0	316.0
2.0	31.0	322.0
3.0	31.0	312.0
4.0	31.0	311.0
5.0	31.0	300.0
6.0	31.0	300.0
7.0	31.0	298.0
8.0	31.0	292.0
9.0	31.0	293.0
10.0	31.0	290.0
11.0	31.0	280.0
12.0	31.0	275.0
13.0	31.0	278.0
14.0	31.0	274.0
15.0	31.0	268.0
16.0	31.0	255.0
17.0	31.0	256.0
18.0	31.0	254.0
19.0	31.0	254.0
20.0	31.0	249.0
21.0	31.0	0.0
22.0	31.0	0.0
23.0	31.0	0.0
24.0	31.0	0.0
25.0	31.0	0.0
26.0	31.0	0.0
27.0	31.0	0.0
28.0	31.0	0.0
29.0	31.0	0.0
30.0	31.0	0.0
31.0	31.0	0.0
32.0	31.0	0.0
33.0	31.0	0.0
34.0	31.0	0.0
35.0	31.0	0.0
36.0	31.0	0.0
37.0	31.0	0.0
38.0	31.0	0.0
39.0	31.0	0.0
40.0	31.0	0.0
41.0	31.0	0.0
42.0	31.0	0.0
43.0	31.0	0.0
44.0	31.0	0.0
45.0	31.0	0.0
46.0	31.0	0.0
47.0	31.0	0.0
48.0	31.0	0.0
49.0	31.0	0.0
50.0	31.0	0.0

1.0	32.0	328.0
2.0	32.0	321.0
3.0	32.0	312.0
4.0	32.0	310.0
5.0	32.0	313.0
6.0	32.0	309.0
7.0	32.0	301.0
8.0	32.0	298.0
9.0	32.0	294.0
10.0	32.0	292.0
11.0	32.0	288.0
12.0	32.0	284.0
13.0	32.0	277.0
14.0	32.0	278.0
15.0	32.0	272.0
16.0	32.0	265.0
17.0	32.0	266.0
18.0	32.0	260.0
19.0	32.0	258.0
20.0	32.0	0.0
21.0	32.0	0.0
22.0	32.0	0.0
23.0	32.0	0.0
24.0	32.0	0.0
25.0	32.0	0.0
26.0	32.0	0.0
27.0	32.0	0.0
28.0	32.0	0.0
29.0	32.0	0.0
30.0	32.0	0.0
31.0	32.0	0.0
32.0	32.0	0.0
33.0	32.0	0.0
34.0	32.0	0.0
35.0	32.0	0.0
36.0	32.0	0.0
37.0	32.0	0.0
38.0	32.0	0.0
39.0	32.0	0.0
40.0	32.0	0.0
41.0	32.0	0.0
42.0	32.0	0.0
43.0	32.0	0.0
44.0	32.0	0.0
45.0	32.0	0.0
46.0	32.0	0.0
47.0	32.0	0.0
48.0	32.0	0.0
49.0	32.0	0.0
50.0	32.0	0.0

1.0	33.0	329.0
2.0	33.0	328.0
3.0	33.0	258.0
4.0	33.0	317.0
5.0	33.0	316.0
6.0	33.0	312.0
7.0	33.0	310.0
8.0	33.0	304.0
9.0	33.0	296.0
10.0	33.0	295.0
11.0	33.0	289.0
12.0	33.0	289.0
13.0	33.0	282.0
14.0	33.0	279.0
15.0	33.0	278.0
16.0	33.0	272.0
17.0	33.0	267.0
18.0	33.0	258.0
19.0	33.0	0.0
20.0	33.0	0.0
21.0	33.0	0.0
22.0	33.0	0.0
23.0	33.0	0.0
24.0	33.0	0.0
25.0	33.0	0.0
26.0	33.0	0.0
27.0	33.0	0.0
28.0	33.0	0.0
29.0	33.0	0.0
30.0	33.0	0.0
31.0	33.0	0.0
32.0	33.0	0.0
33.0	33.0	0.0
34.0	33.0	0.0
35.0	33.0	0.0
36.0	33.0	0.0
37.0	33.0	0.0
38.0	33.0	0.0
39.0	33.0	0.0
40.0	33.0	0.0
41.0	33.0	0.0
42.0	33.0	0.0
43.0	33.0	0.0
44.0	33.0	0.0
45.0	33.0	0.0
46.0	33.0	0.0
47.0	33.0	0.0
48.0	33.0	0.0
49.0	33.0	0.0
50.0	33.0	0.0

1.0	34.0	332.0
2.0	34.0	327.0
3.0	34.0	327.0
4.0	34.0	325.0
5.0	34.0	322.0
6.0	34.0	313.0
7.0	34.0	310.0
8.0	34.0	306.0
9.0	34.0	304.0
10.0	34.0	300.0
11.0	34.0	298.0
12.0	34.0	290.0
13.0	34.0	287.0
14.0	34.0	282.0
15.0	34.0	278.0
16.0	34.0	275.0
17.0	34.0	268.0
18.0	34.0	0.0
19.0	34.0	0.0
20.0	34.0	0.0
21.0	34.0	0.0
22.0	34.0	0.0
23.0	34.0	0.0
24.0	34.0	0.0
25.0	34.0	0.0
26.0	34.0	0.0
27.0	34.0	0.0
28.0	34.0	0.0
29.0	34.0	0.0
30.0	34.0	0.0
31.0	34.0	0.0
32.0	34.0	0.0
33.0	34.0	0.0
34.0	34.0	0.0
35.0	34.0	0.0
36.0	34.0	0.0
37.0	34.0	0.0
38.0	34.0	0.0
39.0	34.0	0.0
40.0	34.0	0.0
41.0	34.0	0.0
42.0	34.0	0.0
43.0	34.0	0.0
44.0	34.0	0.0
45.0	34.0	0.0
46.0	34.0	0.0
47.0	34.0	0.0
48.0	34.0	0.0
49.0	34.0	0.0
50.0	34.0	0.0

1.0	35.0	340.0
2.0	35.0	338.0
3.0	35.0	334.0
4.0	35.0	330.0
5.0	35.0	322.0
6.0	35.0	318.0
7.0	35.0	307.0
8.0	35.0	306.0
9.0	35.0	307.0
10.0	35.0	303.0
11.0	35.0	298.0
12.0	35.0	298.0
13.0	35.0	290.0
14.0	35.0	288.0
15.0	35.0	272.0
16.0	35.0	280.0
17.0	35.0	0.0
18.0	35.0	0.0
19.0	35.0	0.0
20.0	35.0	0.0
21.0	35.0	0.0
22.0	35.0	0.0
23.0	35.0	0.0
24.0	35.0	0.0
25.0	35.0	0.0
26.0	35.0	0.0
27.0	35.0	0.0
28.0	35.0	0.0
29.0	35.0	0.0
30.0	35.0	0.0
31.0	35.0	0.0
32.0	35.0	0.0
33.0	35.0	0.0
34.0	35.0	0.0
35.0	35.0	0.0
36.0	35.0	0.0
37.0	35.0	0.0
38.0	35.0	0.0
39.0	35.0	0.0
40.0	35.0	0.0
41.0	35.0	0.0
42.0	35.0	0.0
43.0	35.0	0.0
44.0	35.0	0.0
45.0	35.0	0.0
46.0	35.0	0.0
47.0	35.0	0.0
48.0	35.0	0.0
49.0	35.0	0.0
50.0	35.0	0.0

1.0	36.0	343.0
2.0	36.0	336.0
3.0	36.0	327.0
4.0	36.0	334.0
5.0	36.0	327.0
6.0	36.0	326.0
7.0	36.0	318.0
8.0	36.0	311.0
9.0	36.0	313.0
10.0	36.0	300.0
11.0	36.0	300.0
12.0	36.0	298.0
13.0	36.0	292.0
14.0	36.0	288.0
15.0	36.0	287.0
16.0	36.0	0.0
17.0	36.0	0.0
18.0	36.0	0.0
19.0	36.0	0.0
20.0	36.0	0.0
21.0	36.0	0.0
22.0	36.0	0.0
23.0	36.0	0.0
24.0	36.0	0.0
25.0	36.0	0.0
26.0	36.0	0.0
27.0	36.0	0.0
28.0	36.0	0.0
29.0	36.0	0.0
30.0	36.0	0.0
31.0	36.0	0.0
32.0	36.0	0.0
33.0	36.0	0.0
34.0	36.0	0.0
35.0	36.0	0.0
36.0	36.0	0.0
37.0	36.0	0.0
38.0	36.0	0.0
39.0	36.0	0.0
40.0	36.0	0.0
41.0	36.0	0.0
42.0	36.0	0.0
43.0	36.0	0.0
44.0	36.0	0.0
45.0	36.0	0.0
46.0	36.0	0.0
47.0	36.0	0.0
48.0	36.0	0.0
49.0	36.0	0.0
50.0	36.0	0.0

1.0	37.0	344.0
2.0	37.0	342.0
3.0	37.0	339.0
4.0	37.0	338.0
5.0	37.0	330.0
6.0	37.0	330.0
7.0	37.0	325.0
8.0	37.0	319.0
9.0	37.0	318.0
10.0	37.0	311.0
11.0	37.0	302.0
12.0	37.0	304.0
13.0	37.0	300.0
14.0	37.0	294.0
15.0	37.0	0.0
16.0	37.0	0.0
17.0	37.0	0.0
18.0	37.0	0.0
19.0	37.0	0.0
20.0	37.0	0.0
21.0	37.0	0.0
22.0	37.0	0.0
23.0	37.0	0.0
24.0	37.0	0.0
25.0	37.0	0.0
26.0	37.0	0.0
27.0	37.0	0.0
28.0	37.0	0.0
29.0	37.0	0.0
30.0	37.0	0.0
31.0	37.0	0.0
32.0	37.0	0.0
33.0	37.0	0.0
34.0	37.0	0.0
35.0	37.0	0.0
36.0	37.0	0.0
37.0	37.0	0.0
38.0	37.0	0.0
39.0	37.0	0.0
40.0	37.0	0.0
41.0	37.0	0.0
42.0	37.0	0.0
43.0	37.0	0.0
44.0	37.0	0.0
45.0	37.0	0.0
46.0	37.0	0.0
47.0	37.0	0.0
48.0	37.0	0.0
49.0	37.0	0.0
50.0	37.0	0.0

1.0	38.0	350.0
2.0	38.0	346.0
3.0	38.0	339.0
4.0	38.0	329.0
5.0	38.0	329.0
6.0	38.0	324.0
7.0	38.0	319.0
8.0	38.0	316.0
9.0	38.0	315.0
10.0	38.0	312.0
11.0	38.0	307.0
12.0	38.0	302.0
13.0	38.0	302.0
14.0	38.0	0.0
15.0	38.0	0.0
16.0	38.0	0.0
17.0	38.0	0.0
18.0	38.0	0.0
19.0	38.0	0.0
20.0	38.0	0.0
21.0	38.0	0.0
22.0	38.0	0.0
23.0	38.0	0.0
24.0	38.0	0.0
25.0	38.0	0.0
26.0	38.0	0.0
27.0	38.0	0.0
28.0	38.0	0.0
29.0	38.0	0.0
30.0	38.0	0.0
31.0	38.0	0.0
32.0	38.0	0.0
33.0	38.0	0.0
34.0	38.0	0.0
35.0	38.0	0.0
36.0	38.0	0.0
37.0	38.0	0.0
38.0	38.0	0.0
39.0	38.0	0.0
40.0	38.0	0.0
41.0	38.0	0.0
42.0	38.0	0.0
43.0	38.0	0.0
44.0	38.0	0.0
45.0	38.0	0.0
46.0	38.0	0.0
47.0	38.0	0.0
48.0	38.0	0.0
49.0	38.0	0.0
50.0	38.0	0.0

1.0	39.0	358.0
2.0	39.0	346.0
3.0	39.0	349.0
4.0	39.0	338.0
5.0	39.0	336.0
6.0	39.0	331.0
7.0	39.0	332.0
8.0	39.0	328.0
9.0	39.0	324.0
10.0	39.0	318.0
11.0	39.0	314.0
12.0	39.0	312.0
13.0	39.0	0.0
14.0	39.0	0.0
15.0	39.0	0.0
16.0	39.0	0.0
17.0	39.0	0.0
18.0	39.0	0.0
19.0	39.0	0.0
20.0	39.0	0.0
21.0	39.0	0.0
22.0	39.0	0.0
23.0	39.0	0.0
24.0	39.0	0.0
25.0	39.0	0.0
26.0	39.0	0.0
27.0	39.0	0.0
28.0	39.0	0.0
29.0	39.0	0.0
30.0	39.0	0.0
31.0	39.0	0.0
32.0	39.0	0.0
33.0	39.0	0.0
34.0	39.0	0.0
35.0	39.0	0.0
36.0	39.0	0.0
37.0	39.0	0.0
38.0	39.0	0.0
39.0	39.0	0.0
40.0	39.0	0.0
41.0	39.0	0.0
42.0	39.0	0.0
43.0	39.0	0.0
44.0	39.0	0.0
45.0	39.0	0.0
46.0	39.0	0.0
47.0	39.0	0.0
48.0	39.0	0.0
49.0	39.0	0.0
50.0	39.0	0.0

1.0	40.0	357.0
2.0	40.0	356.0
3.0	40.0	353.0
4.0	40.0	348.0
5.0	40.0	340.0
6.0	40.0	339.0
7.0	40.0	338.0
8.0	40.0	332.0
9.0	40.0	322.0
10.0	40.0	322.0
11.0	40.0	313.0
12.0	40.0	0.0
13.0	40.0	0.0
14.0	40.0	0.0
15.0	40.0	0.0
16.0	40.0	0.0
17.0	40.0	0.0
18.0	40.0	0.0
19.0	40.0	0.0
20.0	40.0	0.0
21.0	40.0	0.0
22.0	40.0	0.0
23.0	40.0	0.0
24.0	40.0	0.0
25.0	40.0	0.0
26.0	40.0	0.0
27.0	40.0	0.0
28.0	40.0	0.0
29.0	40.0	0.0
30.0	40.0	0.0
31.0	40.0	0.0
32.0	40.0	0.0
33.0	40.0	0.0
34.0	40.0	0.0
35.0	40.0	0.0
36.0	40.0	0.0
37.0	40.0	0.0
38.0	40.0	0.0
39.0	40.0	0.0
40.0	40.0	0.0
41.0	40.0	0.0
42.0	40.0	0.0
43.0	40.0	0.0
44.0	40.0	0.0
45.0	40.0	0.0
46.0	40.0	0.0
47.0	40.0	0.0
48.0	40.0	0.0
49.0	40.0	0.0
50.0	40.0	0.0

1.0	41.0	364.0
2.0	41.0	362.0
3.0	41.0	352.0
4.0	41.0	350.0
5.0	41.0	344.0
6.0	41.0	337.0
7.0	41.0	334.0
8.0	41.0	332.0
9.0	41.0	328.0
10.0	41.0	329.0
11.0	41.0	0.0
12.0	41.0	0.0
13.0	41.0	0.0
14.0	41.0	0.0
15.0	41.0	0.0
16.0	41.0	0.0
17.0	41.0	0.0
18.0	41.0	0.0
19.0	41.0	0.0
20.0	41.0	0.0
21.0	41.0	0.0
22.0	41.0	0.0
23.0	41.0	0.0
24.0	41.0	0.0
25.0	41.0	0.0
26.0	41.0	0.0
27.0	41.0	0.0
28.0	41.0	0.0
29.0	41.0	0.0
30.0	41.0	0.0
31.0	41.0	0.0
32.0	41.0	0.0
33.0	41.0	0.0
34.0	41.0	0.0
35.0	41.0	0.0
36.0	41.0	0.0
37.0	41.0	0.0
38.0	41.0	0.0
39.0	41.0	0.0
40.0	41.0	0.0
41.0	41.0	0.0
42.0	41.0	0.0
43.0	41.0	0.0
44.0	41.0	0.0
45.0	41.0	0.0
46.0	41.0	0.0
47.0	41.0	0.0
48.0	41.0	0.0
49.0	41.0	0.0
50.0	41.0	0.0

1.0	42.0	366.0
2.0	42.0	363.0
3.0	42.0	360.0
4.0	42.0	357.0
5.0	42.0	349.0
6.0	42.0	341.0
7.0	42.0	339.0
8.0	42.0	342.0
9.0	42.0	330.0
10.0	42.0	0.0
11.0	42.0	0.0
12.0	42.0	0.0
13.0	42.0	0.0
14.0	42.0	0.0
15.0	42.0	0.0
16.0	42.0	0.0
17.0	42.0	0.0
18.0	42.0	0.0
19.0	42.0	0.0
20.0	42.0	0.0
21.0	42.0	0.0
22.0	42.0	0.0
23.0	42.0	0.0
24.0	42.0	0.0
25.0	42.0	0.0
26.0	42.0	0.0
27.0	42.0	0.0
28.0	42.0	0.0
29.0	42.0	0.0
30.0	42.0	0.0
31.0	42.0	0.0
32.0	42.0	0.0
33.0	42.0	0.0
34.0	42.0	0.0
35.0	42.0	0.0
36.0	42.0	0.0
37.0	42.0	0.0
38.0	42.0	0.0
39.0	42.0	0.0
40.0	42.0	0.0
41.0	42.0	0.0
42.0	42.0	0.0
43.0	42.0	0.0
44.0	42.0	0.0
45.0	42.0	0.0
46.0	42.0	0.0
47.0	42.0	0.0
48.0	42.0	0.0
49.0	42.0	0.0
50.0	42.0	0.0

1.0	43.0	366.0
2.0	43.0	368.0
3.0	43.0	358.0
4.0	43.0	357.0
5.0	43.0	354.0
6.0	43.0	350.0
7.0	43.0	346.0
8.0	43.0	340.0
9.0	43.0	0.0
10.0	43.0	0.0
11.0	43.0	0.0
12.0	43.0	0.0
13.0	43.0	0.0
14.0	43.0	0.0
15.0	43.0	0.0
16.0	43.0	0.0
17.0	43.0	0.0
18.0	43.0	0.0
19.0	43.0	0.0
20.0	43.0	0.0
21.0	43.0	0.0
22.0	43.0	0.0
23.0	43.0	0.0
24.0	43.0	0.0
25.0	43.0	0.0
26.0	43.0	0.0
27.0	43.0	0.0
28.0	43.0	0.0
29.0	43.0	0.0
30.0	43.0	0.0
31.0	43.0	0.0
32.0	43.0	0.0
33.0	43.0	0.0
34.0	43.0	0.0
35.0	43.0	0.0
36.0	43.0	0.0
37.0	43.0	0.0
38.0	43.0	0.0
39.0	43.0	0.0
40.0	43.0	0.0
41.0	43.0	0.0
42.0	43.0	0.0
43.0	43.0	0.0
44.0	43.0	0.0
45.0	43.0	0.0
46.0	43.0	0.0
47.0	43.0	0.0
48.0	43.0	0.0
49.0	43.0	0.0
50.0	43.0	0.0

1.0	44.0	377.0
2.0	44.0	369.0
3.0	44.0	363.0
4.0	44.0	362.0
5.0	44.0	357.0
6.0	44.0	357.0
7.0	44.0	354.0
8.0	44.0	0.0
9.0	44.0	0.0
10.0	44.0	0.0
11.0	44.0	0.0
12.0	44.0	0.0
13.0	44.0	0.0
14.0	44.0	0.0
15.0	44.0	0.0
16.0	44.0	0.0
17.0	44.0	0.0
18.0	44.0	0.0
19.0	44.0	0.0
20.0	44.0	0.0
21.0	44.0	0.0
22.0	44.0	0.0
23.0	44.0	0.0
24.0	44.0	0.0
25.0	44.0	0.0
26.0	44.0	0.0
27.0	44.0	0.0
28.0	44.0	0.0
29.0	44.0	0.0
30.0	44.0	0.0
31.0	44.0	0.0
32.0	44.0	0.0
33.0	44.0	0.0
34.0	44.0	0.0
35.0	44.0	0.0
36.0	44.0	0.0
37.0	44.0	0.0
38.0	44.0	0.0
39.0	44.0	0.0
40.0	44.0	0.0
41.0	44.0	0.0
42.0	44.0	0.0
43.0	44.0	0.0
44.0	44.0	0.0
45.0	44.0	0.0
46.0	44.0	0.0
47.0	44.0	0.0
48.0	44.0	0.0
49.0	44.0	0.0
50.0	44.0	0.0

1.0	45.0	378.0
2.0	45.0	371.0
3.0	45.0	373.0
4.0	45.0	367.0
5.0	45.0	364.0
6.0	45.0	353.0
7.0	45.0	0.0
8.0	45.0	0.0
9.0	45.0	0.0
10.0	45.0	0.0
11.0	45.0	0.0
12.0	45.0	0.0
13.0	45.0	0.0
14.0	45.0	0.0
15.0	45.0	0.0
16.0	45.0	0.0
17.0	45.0	0.0
18.0	45.0	0.0
19.0	45.0	0.0
20.0	45.0	0.0
21.0	45.0	0.0
22.0	45.0	0.0
23.0	45.0	0.0
24.0	45.0	0.0
25.0	45.0	0.0
26.0	45.0	0.0
27.0	45.0	0.0
28.0	45.0	0.0
29.0	45.0	0.0
30.0	45.0	0.0
31.0	45.0	0.0
32.0	45.0	0.0
33.0	45.0	0.0
34.0	45.0	0.0
35.0	45.0	0.0
36.0	45.0	0.0
37.0	45.0	0.0
38.0	45.0	0.0
39.0	45.0	0.0
40.0	45.0	0.0
41.0	45.0	0.0
42.0	45.0	0.0
43.0	45.0	0.0
44.0	45.0	0.0
45.0	45.0	0.0
46.0	45.0	0.0
47.0	45.0	0.0
48.0	45.0	0.0
49.0	45.0	0.0
50.0	45.0	0.0

1.0	46.0	386.0
2.0	46.0	374.0
3.0	46.0	378.0
4.0	46.0	371.0
5.0	46.0	368.0
6.0	46.0	0.0
7.0	46.0	0.0
8.0	46.0	0.0
9.0	46.0	0.0
10.0	46.0	0.0
11.0	46.0	0.0
12.0	46.0	0.0
13.0	46.0	0.0
14.0	46.0	0.0
15.0	46.0	0.0
16.0	46.0	0.0
17.0	46.0	0.0
18.0	46.0	0.0
19.0	46.0	0.0
20.0	46.0	0.0
21.0	46.0	0.0
22.0	46.0	0.0
23.0	46.0	0.0
24.0	46.0	0.0
25.0	46.0	0.0
26.0	46.0	0.0
27.0	46.0	0.0
28.0	46.0	0.0
29.0	46.0	0.0
30.0	46.0	0.0
31.0	46.0	0.0
32.0	46.0	0.0
33.0	46.0	0.0
34.0	46.0	0.0
35.0	46.0	0.0
36.0	46.0	0.0
37.0	46.0	0.0
38.0	46.0	0.0
39.0	46.0	0.0
40.0	46.0	0.0
41.0	46.0	0.0
42.0	46.0	0.0
43.0	46.0	0.0
44.0	46.0	0.0
45.0	46.0	0.0
46.0	46.0	0.0
47.0	46.0	0.0
48.0	46.0	0.0
49.0	46.0	0.0
50.0	46.0	0.0

1.0	47.0	380.0
2.0	47.0	386.0
3.0	47.0	381.0
4.0	47.0	371.0
5.0	47.0	0.0
6.0	47.0	0.0
7.0	47.0	0.0
8.0	47.0	0.0
9.0	47.0	0.0
10.0	47.0	0.0
11.0	47.0	0.0
12.0	47.0	0.0
13.0	47.0	0.0
14.0	47.0	0.0
15.0	47.0	0.0
16.0	47.0	0.0
17.0	47.0	0.0
18.0	47.0	0.0
19.0	47.0	0.0
20.0	47.0	0.0
21.0	47.0	0.0
22.0	47.0	0.0
23.0	47.0	0.0
24.0	47.0	0.0
25.0	47.0	0.0
26.0	47.0	0.0
27.0	47.0	0.0
28.0	47.0	0.0
29.0	47.0	0.0
30.0	47.0	0.0
31.0	47.0	0.0
32.0	47.0	0.0
33.0	47.0	0.0
34.0	47.0	0.0
35.0	47.0	0.0
36.0	47.0	0.0
37.0	47.0	0.0
38.0	47.0	0.0
39.0	47.0	0.0
40.0	47.0	0.0
41.0	47.0	0.0
42.0	47.0	0.0
43.0	47.0	0.0
44.0	47.0	0.0
45.0	47.0	0.0
46.0	47.0	0.0
47.0	47.0	0.0
48.0	47.0	0.0
49.0	47.0	0.0
50.0	47.0	0.0

1.0	48.0	383.0
2.0	48.0	390.0
3.0	48.0	379.0
4.0	48.0	0.0
5.0	48.0	0.0
6.0	48.0	0.0
7.0	48.0	0.0
8.0	48.0	0.0
9.0	48.0	0.0
10.0	48.0	0.0
11.0	48.0	0.0
12.0	48.0	0.0
13.0	48.0	0.0
14.0	48.0	0.0
15.0	48.0	0.0
16.0	48.0	0.0
17.0	48.0	0.0
18.0	48.0	0.0
19.0	48.0	0.0
20.0	48.0	0.0
21.0	48.0	0.0
22.0	48.0	0.0
23.0	48.0	0.0
24.0	48.0	0.0
25.0	48.0	0.0
26.0	48.0	0.0
27.0	48.0	0.0
28.0	48.0	0.0
29.0	48.0	0.0
30.0	48.0	0.0
31.0	48.0	0.0
32.0	48.0	0.0
33.0	48.0	0.0
34.0	48.0	0.0
35.0	48.0	0.0
36.0	48.0	0.0
37.0	48.0	0.0
38.0	48.0	0.0
39.0	48.0	0.0
40.0	48.0	0.0
41.0	48.0	0.0
42.0	48.0	0.0
43.0	48.0	0.0
44.0	48.0	0.0
45.0	48.0	0.0
46.0	48.0	0.0
47.0	48.0	0.0
48.0	48.0	0.0
49.0	48.0	0.0
50.0	48.0	0.0

1.0	49.0	395.0
2.0	49.0	386.0
3.0	49.0	0.0
4.0	49.0	0.0
5.0	49.0	0.0
6.0	49.0	0.0
7.0	49.0	0.0
8.0	49.0	0.0
9.0	49.0	0.0
10.0	49.0	0.0
11.0	49.0	0.0
12.0	49.0	0.0
13.0	49.0	0.0
14.0	49.0	0.0
15.0	49.0	0.0
16.0	49.0	0.0
17.0	49.0	0.0
18.0	49.0	0.0
19.0	49.0	0.0
20.0	49.0	0.0
21.0	49.0	0.0
22.0	49.0	0.0
23.0	49.0	0.0
24.0	49.0	0.0
25.0	49.0	0.0
26.0	49.0	0.0
27.0	49.0	0.0
28.0	49.0	0.0
29.0	49.0	0.0
30.0	49.0	0.0
31.0	49.0	0.0
32.0	49.0	0.0
33.0	49.0	0.0
34.0	49.0	0.0
35.0	49.0	0.0
36.0	49.0	0.0
37.0	49.0	0.0
38.0	49.0	0.0
39.0	49.0	0.0
40.0	49.0	0.0
41.0	49.0	0.0
42.0	49.0	0.0
43.0	49.0	0.0
44.0	49.0	0.0
45.0	49.0	0.0
46.0	49.0	0.0
47.0	49.0	0.0
48.0	49.0	0.0
49.0	49.0	0.0
50.0	49.0	0.0

1.0	50.0	400.0
2.0	50.0	0.0
3.0	50.0	0.0
4.0	50.0	0.0
5.0	50.0	0.0
6.0	50.0	0.0
7.0	50.0	0.0
8.0	50.0	0.0
9.0	50.0	0.0
10.0	50.0	0.0
11.0	50.0	0.0
12.0	50.0	0.0
13.0	50.0	0.0
14.0	50.0	0.0
15.0	50.0	0.0
16.0	50.0	0.0
17.0	50.0	0.0
18.0	50.0	0.0
19.0	50.0	0.0
20.0	50.0	0.0
21.0	50.0	0.0
22.0	50.0	0.0
23.0	50.0	0.0
24.0	50.0	0.0
25.0	50.0	0.0
26.0	50.0	0.0
27.0	50.0	0.0
28.0	50.0	0.0
29.0	50.0	0.0
30.0	50.0	0.0
31.0	50.0	0.0
32.0	50.0	0.0
33.0	50.0	0.0
34.0	50.0	0.0
35.0	50.0	0.0
36.0	50.0	0.0
37.0	50.0	0.0
38.0	50.0	0.0
39.0	50.0	0.0
40.0	50.0	0.0
41.0	50.0	0.0
42.0	50.0	0.0
43.0	50.0	0.0
44.0	50.0	0.0
45.0	50.0	0.0
46.0	50.0	0.0
47.0	50.0	0.0
48.0	50.0	0.0
49.0	50.0	0.0
50.0	50.0	0.0


