Length	Start	data
1.0	1.0	106.0
2.0	1.0	104.0
3.0	1.0	102.0
4.0	1.0	100.0
5.0	1.0	98.0
6.0	1.0	96.0
7.0	1.0	94.0
8.0	1.0	92.0
9.0	1.0	90.0
10.0	1.0	88.0
11.0	1.0	86.0
12.0	1.0	84.0
13.0	1.0	82.0
14.0	1.0	80.0
15.0	1.0	78.0
16.0	1.0	76.0
17.0	1.0	74.0
18.0	1.0	72.0
19.0	1.0	70.0
20.0	1.0	68.0
21.0	1.0	66.0
22.0	1.0	64.0
23.0	1.0	62.0
24.0	1.0	60.0
25.0	1.0	58.0
26.0	1.0	56.0
27.0	1.0	54.0
28.0	1.0	52.0
29.0	1.0	50.0
30.0	1.0	48.0
31.0	1.0	46.0
32.0	1.0	44.0
33.0	1.0	42.0
34.0	1.0	40.0
35.0	1.0	38.0
36.0	1.0	36.0
37.0	1.0	34.0
38.0	1.0	32.0
39.0	1.0	30.0
40.0	1.0	28.0
41.0	1.0	26.0
42.0	1.0	24.0
43.0	1.0	22.0
44.0	1.0	20.0
45.0	1.0	18.0
46.0	1.0	16.0
47.0	1.0	14.0
48.0	1.0	12.0
49.0	1.0	10.0
50.0	1.0	8.0

1.0	2.0	114.0
2.0	2.0	112.0
3.0	2.0	110.0
4.0	2.0	108.0
5.0	2.0	106.0
6.0	2.0	104.0
7.0	2.0	102.0
8.0	2.0	100.0
9.0	2.0	98.0
10.0	2.0	96.0
11.0	2.0	94.0
12.0	2.0	92.0
13.0	2.0	90.0
14.0	2.0	88.0
15.0	2.0	86.0
16.0	2.0	84.0
17.0	2.0	82.0
18.0	2.0	80.0
19.0	2.0	78.0
20.0	2.0	76.0
21.0	2.0	74.0
22.0	2.0	72.0
23.0	2.0	70.0
24.0	2.0	68.0
25.0	2.0	66.0
26.0	2.0	64.0
27.0	2.0	62.0
28.0	2.0	60.0
29.0	2.0	58.0
30.0	2.0	56.0
31.0	2.0	54.0
32.0	2.0	52.0
33.0	2.0	50.0
34.0	2.0	48.0
35.0	2.0	46.0
36.0	2.0	34.0
37.0	2.0	42.0
38.0	2.0	40.0
39.0	2.0	38.0
40.0	2.0	36.0
41.0	2.0	34.0
42.0	2.0	32.0
43.0	2.0	30.0
44.0	2.0	28.0
45.0	2.0	26.0
46.0	2.0	24.0
47.0	2.0	22.0
48.0	2.0	20.0
49.0	2.0	18.0
50.0	2.0	0.0

1.0	3.0	122.0
2.0	3.0	120.0
3.0	3.0	118.0
4.0	3.0	116.0
5.0	3.0	114.0
6.0	3.0	112.0
7.0	3.0	110.0
8.0	3.0	108.0
9.0	3.0	106.0
10.0	3.0	104.0
11.0	3.0	102.0
12.0	3.0	16.0
13.0	3.0	98.0
14.0	3.0	96.0
15.0	3.0	94.0
16.0	3.0	92.0
17.0	3.0	90.0
18.0	3.0	88.0
19.0	3.0	86.0
20.0	3.0	84.0
21.0	3.0	82.0
22.0	3.0	80.0
23.0	3.0	78.0
24.0	3.0	76.0
25.0	3.0	74.0
26.0	3.0	72.0
27.0	3.0	60.0
28.0	3.0	68.0
29.0	3.0	66.0
30.0	3.0	64.0
31.0	3.0	62.0
32.0	3.0	60.0
33.0	3.0	58.0
34.0	3.0	56.0
35.0	3.0	54.0
36.0	3.0	52.0
37.0	3.0	50.0
38.0	3.0	48.0
39.0	3.0	34.0
40.0	3.0	44.0
41.0	3.0	42.0
42.0	3.0	40.0
43.0	3.0	38.0
44.0	3.0	36.0
45.0	3.0	34.0
46.0	3.0	32.0
47.0	3.0	30.0
48.0	3.0	28.0
49.0	3.0	0.0
50.0	3.0	0.0

1.0	4.0	130.0
2.0	4.0	128.0
3.0	4.0	126.0
4.0	4.0	124.0
5.0	4.0	122.0
6.0	4.0	120.0
7.0	4.0	118.0
8.0	4.0	116.0
9.0	4.0	114.0
10.0	4.0	112.0
11.0	4.0	110.0
12.0	4.0	108.0
13.0	4.0	94.0
14.0	4.0	104.0
15.0	4.0	102.0
16.0	4.0	100.0
17.0	4.0	98.0
18.0	4.0	86.0
19.0	4.0	94.0
20.0	4.0	92.0
21.0	4.0	90.0
22.0	4.0	88.0
23.0	4.0	86.0
24.0	4.0	84.0
25.0	4.0	82.0
26.0	4.0	80.0
27.0	4.0	78.0
28.0	4.0	76.0
29.0	4.0	74.0
30.0	4.0	72.0
31.0	4.0	70.0
32.0	4.0	68.0
33.0	4.0	66.0
34.0	4.0	64.0
35.0	4.0	62.0
36.0	4.0	60.0
37.0	4.0	58.0
38.0	4.0	56.0
39.0	4.0	54.0
40.0	4.0	52.0
41.0	4.0	50.0
42.0	4.0	48.0
43.0	4.0	46.0
44.0	4.0	44.0
45.0	4.0	30.0
46.0	4.0	40.0
47.0	4.0	38.0
48.0	4.0	0.0
49.0	4.0	0.0
50.0	4.0	0.0

1.0	5.0	138.0
2.0	5.0	136.0
3.0	5.0	134.0
4.0	5.0	132.0
5.0	5.0	130.0
6.0	5.0	128.0
7.0	5.0	126.0
8.0	5.0	124.0
9.0	5.0	110.0
10.0	5.0	120.0
11.0	5.0	118.0
12.0	5.0	116.0
13.0	5.0	114.0
14.0	5.0	112.0
15.0	5.0	110.0
16.0	5.0	108.0
17.0	5.0	106.0
18.0	5.0	104.0
19.0	5.0	102.0
20.0	5.0	90.0
21.0	5.0	98.0
22.0	5.0	96.0
23.0	5.0	94.0
24.0	5.0	92.0
25.0	5.0	90.0
26.0	5.0	88.0
27.0	5.0	86.0
28.0	5.0	84.0
29.0	5.0	82.0
30.0	5.0	80.0
31.0	5.0	78.0
32.0	5.0	76.0
33.0	5.0	74.0
34.0	5.0	72.0
35.0	5.0	70.0
36.0	5.0	68.0
37.0	5.0	66.0
38.0	5.0	64.0
39.0	5.0	62.0
40.0	5.0	60.0
41.0	5.0	58.0
42.0	5.0	44.0
43.0	5.0	54.0
44.0	5.0	52.0
45.0	5.0	50.0
46.0	5.0	48.0
47.0	5.0	0.0
48.0	5.0	0.0
49.0	5.0	0.0
50.0	5.0	0.0

1.0	6.0	146.0
2.0	6.0	144.0
3.0	6.0	142.0
4.0	6.0	140.0
5.0	6.0	138.0
6.0	6.0	136.0
7.0	6.0	134.0
8.0	6.0	132.0
9.0	6.0	130.0
10.0	6.0	128.0
11.0	6.0	114.0
12.0	6.0	124.0
13.0	6.0	122.0
14.0	6.0	120.0
15.0	6.0	118.0
16.0	6.0	116.0
17.0	6.0	114.0
18.0	6.0	112.0
19.0	6.0	110.0
20.0	6.0	108.0
21.0	6.0	106.0
22.0	6.0	94.0
23.0	6.0	102.0
24.0	6.0	100.0
25.0	6.0	98.0
26.0	6.0	96.0
27.0	6.0	86.0
28.0	6.0	92.0
29.0	6.0	90.0
30.0	6.0	88.0
31.0	6.0	86.0
32.0	6.0	84.0
33.0	6.0	82.0
34.0	6.0	80.0
35.0	6.0	78.0
36.0	6.0	76.0
37.0	6.0	74.0
38.0	6.0	72.0
39.0	6.0	70.0
40.0	6.0	56.0
41.0	6.0	66.0
42.0	6.0	64.0
43.0	6.0	62.0
44.0	6.0	60.0
45.0	6.0	58.0
46.0	6.0	0.0
47.0	6.0	0.0
48.0	6.0	0.0
49.0	6.0	0.0
50.0	6.0	0.0

1.0	7.0	154.0
2.0	7.0	152.0
3.0	7.0	150.0
4.0	7.0	148.0
5.0	7.0	146.0
6.0	7.0	144.0
7.0	7.0	142.0
8.0	7.0	140.0
9.0	7.0	138.0
10.0	7.0	136.0
11.0	7.0	134.0
12.0	7.0	132.0
13.0	7.0	130.0
14.0	7.0	128.0
15.0	7.0	126.0
16.0	7.0	124.0
17.0	7.0	122.0
18.0	7.0	120.0
19.0	7.0	118.0
20.0	7.0	116.0
21.0	7.0	114.0
22.0	7.0	112.0
23.0	7.0	110.0
24.0	7.0	108.0
25.0	7.0	106.0
26.0	7.0	104.0
27.0	7.0	102.0
28.0	7.0	100.0
29.0	7.0	98.0
30.0	7.0	96.0
31.0	7.0	94.0
32.0	7.0	92.0
33.0	7.0	90.0
34.0	7.0	88.0
35.0	7.0	86.0
36.0	7.0	84.0
37.0	7.0	82.0
38.0	7.0	80.0
39.0	7.0	78.0
40.0	7.0	76.0
41.0	7.0	74.0
42.0	7.0	72.0
43.0	7.0	70.0
44.0	7.0	68.0
45.0	7.0	0.0
46.0	7.0	0.0
47.0	7.0	0.0
48.0	7.0	0.0
49.0	7.0	0.0
50.0	7.0	0.0

1.0	8.0	162.0
2.0	8.0	160.0
3.0	8.0	158.0
4.0	8.0	156.0
5.0	8.0	134.0
6.0	8.0	152.0
7.0	8.0	150.0
8.0	8.0	136.0
9.0	8.0	146.0
10.0	8.0	144.0
11.0	8.0	142.0
12.0	8.0	140.0
13.0	8.0	138.0
14.0	8.0	136.0
15.0	8.0	134.0
16.0	8.0	132.0
17.0	8.0	130.0
18.0	8.0	128.0
19.0	8.0	126.0
20.0	8.0	124.0
21.0	8.0	122.0
22.0	8.0	120.0
23.0	8.0	118.0
24.0	8.0	116.0
25.0	8.0	114.0
26.0	8.0	112.0
27.0	8.0	110.0
28.0	8.0	108.0
29.0	8.0	106.0
30.0	8.0	104.0
31.0	8.0	102.0
32.0	8.0	100.0
33.0	8.0	98.0
34.0	8.0	96.0
35.0	8.0	94.0
36.0	8.0	92.0
37.0	8.0	90.0
38.0	8.0	88.0
39.0	8.0	86.0
40.0	8.0	84.0
41.0	8.0	82.0
42.0	8.0	80.0
43.0	8.0	78.0
44.0	8.0	0.0
45.0	8.0	0.0
46.0	8.0	0.0
47.0	8.0	0.0
48.0	8.0	0.0
49.0	8.0	0.0
50.0	8.0	0.0

1.0	9.0	170.0
2.0	9.0	168.0
3.0	9.0	166.0
4.0	9.0	164.0
5.0	9.0	162.0
6.0	9.0	160.0
7.0	9.0	158.0
8.0	9.0	156.0
9.0	9.0	144.0
10.0	9.0	152.0
11.0	9.0	150.0
12.0	9.0	148.0
13.0	9.0	146.0
14.0	9.0	144.0
15.0	9.0	142.0
16.0	9.0	140.0
17.0	9.0	138.0
18.0	9.0	136.0
19.0	9.0	134.0
20.0	9.0	132.0
21.0	9.0	130.0
22.0	9.0	128.0
23.0	9.0	126.0
24.0	9.0	124.0
25.0	9.0	122.0
26.0	9.0	120.0
27.0	9.0	118.0
28.0	9.0	116.0
29.0	9.0	102.0
30.0	9.0	112.0
31.0	9.0	110.0
32.0	9.0	108.0
33.0	9.0	106.0
34.0	9.0	104.0
35.0	9.0	102.0
36.0	9.0	100.0
37.0	9.0	90.0
38.0	9.0	96.0
39.0	9.0	94.0
40.0	9.0	92.0
41.0	9.0	90.0
42.0	9.0	88.0
43.0	9.0	0.0
44.0	9.0	0.0
45.0	9.0	0.0
46.0	9.0	0.0
47.0	9.0	0.0
48.0	9.0	0.0
49.0	9.0	0.0
50.0	9.0	0.0

1.0	10.0	178.0
2.0	10.0	176.0
3.0	10.0	174.0
4.0	10.0	172.0
5.0	10.0	158.0
6.0	10.0	168.0
7.0	10.0	166.0
8.0	10.0	164.0
9.0	10.0	162.0
10.0	10.0	160.0
11.0	10.0	146.0
12.0	10.0	156.0
13.0	10.0	154.0
14.0	10.0	152.0
15.0	10.0	150.0
16.0	10.0	148.0
17.0	10.0	146.0
18.0	10.0	144.0
19.0	10.0	142.0
20.0	10.0	140.0
21.0	10.0	138.0
22.0	10.0	136.0
23.0	10.0	134.0
24.0	10.0	132.0
25.0	10.0	130.0
26.0	10.0	128.0
27.0	10.0	114.0
28.0	10.0	124.0
29.0	10.0	122.0
30.0	10.0	120.0
31.0	10.0	118.0
32.0	10.0	116.0
33.0	10.0	114.0
34.0	10.0	112.0
35.0	10.0	110.0
36.0	10.0	108.0
37.0	10.0	106.0
38.0	10.0	92.0
39.0	10.0	102.0
40.0	10.0	100.0
41.0	10.0	98.0
42.0	10.0	0.0
43.0	10.0	0.0
44.0	10.0	0.0
45.0	10.0	0.0
46.0	10.0	0.0
47.0	10.0	0.0
48.0	10.0	0.0
49.0	10.0	0.0
50.0	10.0	0.0

1.0	11.0	186.0
2.0	11.0	184.0
3.0	11.0	182.0
4.0	11.0	180.0
5.0	11.0	178.0
6.0	11.0	176.0
7.0	11.0	174.0
8.0	11.0	160.0
9.0	11.0	170.0
10.0	11.0	168.0
11.0	11.0	166.0
12.0	11.0	164.0
13.0	11.0	162.0
14.0	11.0	160.0
15.0	11.0	158.0
16.0	11.0	156.0
17.0	11.0	154.0
18.0	11.0	152.0
19.0	11.0	150.0
20.0	11.0	148.0
21.0	11.0	146.0
22.0	11.0	106.0
23.0	11.0	142.0
24.0	11.0	140.0
25.0	11.0	138.0
26.0	11.0	136.0
27.0	11.0	134.0
28.0	11.0	132.0
29.0	11.0	118.0
30.0	11.0	128.0
31.0	11.0	126.0
32.0	11.0	124.0
33.0	11.0	122.0
34.0	11.0	120.0
35.0	11.0	118.0
36.0	11.0	104.0
37.0	11.0	114.0
38.0	11.0	112.0
39.0	11.0	110.0
40.0	11.0	108.0
41.0	11.0	0.0
42.0	11.0	0.0
43.0	11.0	0.0
44.0	11.0	0.0
45.0	11.0	0.0
46.0	11.0	0.0
47.0	11.0	0.0
48.0	11.0	0.0
49.0	11.0	0.0
50.0	11.0	0.0

1.0	12.0	194.0
2.0	12.0	192.0
3.0	12.0	190.0
4.0	12.0	188.0
5.0	12.0	186.0
6.0	12.0	172.0
7.0	12.0	170.0
8.0	12.0	180.0
9.0	12.0	178.0
10.0	12.0	176.0
11.0	12.0	174.0
12.0	12.0	172.0
13.0	12.0	170.0
14.0	12.0	168.0
15.0	12.0	166.0
16.0	12.0	164.0
17.0	12.0	150.0
18.0	12.0	160.0
19.0	12.0	158.0
20.0	12.0	156.0
21.0	12.0	146.0
22.0	12.0	152.0
23.0	12.0	150.0
24.0	12.0	148.0
25.0	12.0	146.0
26.0	12.0	144.0
27.0	12.0	142.0
28.0	12.0	140.0
29.0	12.0	138.0
30.0	12.0	136.0
31.0	12.0	134.0
32.0	12.0	120.0
33.0	12.0	130.0
34.0	12.0	116.0
35.0	12.0	114.0
36.0	12.0	124.0
37.0	12.0	122.0
38.0	12.0	120.0
39.0	12.0	118.0
40.0	12.0	0.0
41.0	12.0	0.0
42.0	12.0	0.0
43.0	12.0	0.0
44.0	12.0	0.0
45.0	12.0	0.0
46.0	12.0	0.0
47.0	12.0	0.0
48.0	12.0	0.0
49.0	12.0	0.0
50.0	12.0	0.0

1.0	13.0	202.0
2.0	13.0	200.0
3.0	13.0	186.0
4.0	13.0	196.0
5.0	13.0	194.0
6.0	13.0	192.0
7.0	13.0	190.0
8.0	13.0	188.0
9.0	13.0	186.0
10.0	13.0	184.0
11.0	13.0	182.0
12.0	13.0	180.0
13.0	13.0	178.0
14.0	13.0	176.0
15.0	13.0	174.0
16.0	13.0	172.0
17.0	13.0	170.0
18.0	13.0	168.0
19.0	13.0	166.0
20.0	13.0	164.0
21.0	13.0	162.0
22.0	13.0	160.0
23.0	13.0	158.0
24.0	13.0	156.0
25.0	13.0	154.0
26.0	13.0	152.0
27.0	13.0	150.0
28.0	13.0	148.0
29.0	13.0	146.0
30.0	13.0	144.0
31.0	13.0	142.0
32.0	13.0	140.0
33.0	13.0	138.0
34.0	13.0	136.0
35.0	13.0	134.0
36.0	13.0	132.0
37.0	13.0	130.0
38.0	13.0	128.0
39.0	13.0	0.0
40.0	13.0	0.0
41.0	13.0	0.0
42.0	13.0	0.0
43.0	13.0	0.0
44.0	13.0	0.0
45.0	13.0	0.0
46.0	13.0	0.0
47.0	13.0	0.0
48.0	13.0	0.0
49.0	13.0	0.0
50.0	13.0	0.0

1.0	14.0	210.0
2.0	14.0	196.0
3.0	14.0	206.0
4.0	14.0	204.0
5.0	14.0	202.0
6.0	14.0	200.0
7.0	14.0	198.0
8.0	14.0	196.0
9.0	14.0	194.0
10.0	14.0	192.0
11.0	14.0	190.0
12.0	14.0	136.0
13.0	14.0	186.0
14.0	14.0	172.0
15.0	14.0	182.0
16.0	14.0	180.0
17.0	14.0	178.0
18.0	14.0	176.0
19.0	14.0	174.0
20.0	14.0	172.0
21.0	14.0	158.0
22.0	14.0	156.0
23.0	14.0	166.0
24.0	14.0	164.0
25.0	14.0	162.0
26.0	14.0	160.0
27.0	14.0	158.0
28.0	14.0	156.0
29.0	14.0	154.0
30.0	14.0	152.0
31.0	14.0	150.0
32.0	14.0	148.0
33.0	14.0	146.0
34.0	14.0	144.0
35.0	14.0	142.0
36.0	14.0	140.0
37.0	14.0	138.0
38.0	14.0	0.0
39.0	14.0	0.0
40.0	14.0	0.0
41.0	14.0	0.0
42.0	14.0	0.0
43.0	14.0	0.0
44.0	14.0	0.0
45.0	14.0	0.0
46.0	14.0	0.0
47.0	14.0	0.0
48.0	14.0	0.0
49.0	14.0	0.0
50.0	14.0	0.0

1.0	15.0	218.0
2.0	15.0	216.0
3.0	15.0	202.0
4.0	15.0	212.0
5.0	15.0	210.0
6.0	15.0	208.0
7.0	15.0	206.0
8.0	15.0	204.0
9.0	15.0	202.0
10.0	15.0	200.0
11.0	15.0	198.0
12.0	15.0	196.0
13.0	15.0	194.0
14.0	15.0	192.0
15.0	15.0	190.0
16.0	15.0	188.0
17.0	15.0	186.0
18.0	15.0	184.0
19.0	15.0	182.0
20.0	15.0	168.0
21.0	15.0	178.0
22.0	15.0	176.0
23.0	15.0	174.0
24.0	15.0	172.0
25.0	15.0	170.0
26.0	15.0	168.0
27.0	15.0	166.0
28.0	15.0	164.0
29.0	15.0	162.0
30.0	15.0	148.0
31.0	15.0	158.0
32.0	15.0	156.0
33.0	15.0	154.0
34.0	15.0	152.0
35.0	15.0	150.0
36.0	15.0	148.0
37.0	15.0	0.0
38.0	15.0	0.0
39.0	15.0	0.0
40.0	15.0	0.0
41.0	15.0	0.0
42.0	15.0	0.0
43.0	15.0	0.0
44.0	15.0	0.0
45.0	15.0	0.0
46.0	15.0	0.0
47.0	15.0	0.0
48.0	15.0	0.0
49.0	15.0	0.0
50.0	15.0	0.0

1.0	16.0	226.0
2.0	16.0	224.0
3.0	16.0	222.0
4.0	16.0	220.0
5.0	16.0	218.0
6.0	16.0	204.0
7.0	16.0	214.0
8.0	16.0	212.0
9.0	16.0	210.0
10.0	16.0	208.0
11.0	16.0	206.0
12.0	16.0	204.0
13.0	16.0	202.0
14.0	16.0	200.0
15.0	16.0	186.0
16.0	16.0	196.0
17.0	16.0	182.0
18.0	16.0	192.0
19.0	16.0	190.0
20.0	16.0	188.0
21.0	16.0	186.0
22.0	16.0	184.0
23.0	16.0	182.0
24.0	16.0	180.0
25.0	16.0	178.0
26.0	16.0	176.0
27.0	16.0	150.0
28.0	16.0	172.0
29.0	16.0	170.0
30.0	16.0	168.0
31.0	16.0	166.0
32.0	16.0	152.0
33.0	16.0	162.0
34.0	16.0	148.0
35.0	16.0	158.0
36.0	16.0	0.0
37.0	16.0	0.0
38.0	16.0	0.0
39.0	16.0	0.0
40.0	16.0	0.0
41.0	16.0	0.0
42.0	16.0	0.0
43.0	16.0	0.0
44.0	16.0	0.0
45.0	16.0	0.0
46.0	16.0	0.0
47.0	16.0	0.0
48.0	16.0	0.0
49.0	16.0	0.0
50.0	16.0	0.0

1.0	17.0	234.0
2.0	17.0	232.0
3.0	17.0	230.0
4.0	17.0	228.0
5.0	17.0	226.0
6.0	17.0	224.0
7.0	17.0	222.0
8.0	17.0	220.0
9.0	17.0	218.0
10.0	17.0	216.0
11.0	17.0	214.0
12.0	17.0	212.0
13.0	17.0	210.0
14.0	17.0	196.0
15.0	17.0	194.0
16.0	17.0	192.0
17.0	17.0	202.0
18.0	17.0	200.0
19.0	17.0	198.0
20.0	17.0	196.0
21.0	17.0	194.0
22.0	17.0	192.0
23.0	17.0	190.0
24.0	17.0	176.0
25.0	17.0	186.0
26.0	17.0	184.0
27.0	17.0	170.0
28.0	17.0	180.0
29.0	17.0	178.0
30.0	17.0	176.0
31.0	17.0	174.0
32.0	17.0	172.0
33.0	17.0	170.0
34.0	17.0	168.0
35.0	17.0	0.0
36.0	17.0	0.0
37.0	17.0	0.0
38.0	17.0	0.0
39.0	17.0	0.0
40.0	17.0	0.0
41.0	17.0	0.0
42.0	17.0	0.0
43.0	17.0	0.0
44.0	17.0	0.0
45.0	17.0	0.0
46.0	17.0	0.0
47.0	17.0	0.0
48.0	17.0	0.0
49.0	17.0	0.0
50.0	17.0	0.0

1.0	18.0	242.0
2.0	18.0	240.0
3.0	18.0	238.0
4.0	18.0	236.0
5.0	18.0	234.0
6.0	18.0	232.0
7.0	18.0	230.0
8.0	18.0	228.0
9.0	18.0	226.0
10.0	18.0	224.0
11.0	18.0	222.0
12.0	18.0	220.0
13.0	18.0	218.0
14.0	18.0	192.0
15.0	18.0	190.0
16.0	18.0	212.0
17.0	18.0	210.0
18.0	18.0	196.0
19.0	18.0	206.0
20.0	18.0	204.0
21.0	18.0	190.0
22.0	18.0	200.0
23.0	18.0	198.0
24.0	18.0	196.0
25.0	18.0	194.0
26.0	18.0	192.0
27.0	18.0	190.0
28.0	18.0	188.0
29.0	18.0	176.0
30.0	18.0	172.0
31.0	18.0	182.0
32.0	18.0	180.0
33.0	18.0	178.0
34.0	18.0	0.0
35.0	18.0	0.0
36.0	18.0	0.0
37.0	18.0	0.0
38.0	18.0	0.0
39.0	18.0	0.0
40.0	18.0	0.0
41.0	18.0	0.0
42.0	18.0	0.0
43.0	18.0	0.0
44.0	18.0	0.0
45.0	18.0	0.0
46.0	18.0	0.0
47.0	18.0	0.0
48.0	18.0	0.0
49.0	18.0	0.0
50.0	18.0	0.0

1.0	19.0	250.0
2.0	19.0	248.0
3.0	19.0	246.0
4.0	19.0	244.0
5.0	19.0	242.0
6.0	19.0	240.0
7.0	19.0	238.0
8.0	19.0	224.0
9.0	19.0	234.0
10.0	19.0	232.0
11.0	19.0	230.0
12.0	19.0	228.0
13.0	19.0	226.0
14.0	19.0	224.0
15.0	19.0	222.0
16.0	19.0	208.0
17.0	19.0	218.0
18.0	19.0	206.0
19.0	19.0	214.0
20.0	19.0	212.0
21.0	19.0	186.0
22.0	19.0	208.0
23.0	19.0	194.0
24.0	19.0	204.0
25.0	19.0	202.0
26.0	19.0	200.0
27.0	19.0	198.0
28.0	19.0	184.0
29.0	19.0	194.0
30.0	19.0	192.0
31.0	19.0	190.0
32.0	19.0	188.0
33.0	19.0	0.0
34.0	19.0	0.0
35.0	19.0	0.0
36.0	19.0	0.0
37.0	19.0	0.0
38.0	19.0	0.0
39.0	19.0	0.0
40.0	19.0	0.0
41.0	19.0	0.0
42.0	19.0	0.0
43.0	19.0	0.0
44.0	19.0	0.0
45.0	19.0	0.0
46.0	19.0	0.0
47.0	19.0	0.0
48.0	19.0	0.0
49.0	19.0	0.0
50.0	19.0	0.0

1.0	20.0	258.0
2.0	20.0	248.0
3.0	20.0	254.0
4.0	20.0	252.0
5.0	20.0	250.0
6.0	20.0	248.0
7.0	20.0	234.0
8.0	20.0	244.0
9.0	20.0	242.0
10.0	20.0	240.0
11.0	20.0	238.0
12.0	20.0	236.0
13.0	20.0	234.0
14.0	20.0	232.0
15.0	20.0	230.0
16.0	20.0	216.0
17.0	20.0	226.0
18.0	20.0	224.0
19.0	20.0	222.0
20.0	20.0	220.0
21.0	20.0	210.0
22.0	20.0	216.0
23.0	20.0	214.0
24.0	20.0	212.0
25.0	20.0	210.0
26.0	20.0	208.0
27.0	20.0	206.0
28.0	20.0	192.0
29.0	20.0	202.0
30.0	20.0	200.0
31.0	20.0	198.0
32.0	20.0	0.0
33.0	20.0	0.0
34.0	20.0	0.0
35.0	20.0	0.0
36.0	20.0	0.0
37.0	20.0	0.0
38.0	20.0	0.0
39.0	20.0	0.0
40.0	20.0	0.0
41.0	20.0	0.0
42.0	20.0	0.0
43.0	20.0	0.0
44.0	20.0	0.0
45.0	20.0	0.0
46.0	20.0	0.0
47.0	20.0	0.0
48.0	20.0	0.0
49.0	20.0	0.0
50.0	20.0	0.0

1.0	21.0	266.0
2.0	21.0	252.0
3.0	21.0	262.0
4.0	21.0	260.0
5.0	21.0	258.0
6.0	21.0	256.0
7.0	21.0	254.0
8.0	21.0	252.0
9.0	21.0	250.0
10.0	21.0	248.0
11.0	21.0	246.0
12.0	21.0	232.0
13.0	21.0	242.0
14.0	21.0	228.0
15.0	21.0	238.0
16.0	21.0	236.0
17.0	21.0	234.0
18.0	21.0	220.0
19.0	21.0	218.0
20.0	21.0	228.0
21.0	21.0	226.0
22.0	21.0	224.0
23.0	21.0	222.0
24.0	21.0	220.0
25.0	21.0	218.0
26.0	21.0	216.0
27.0	21.0	214.0
28.0	21.0	212.0
29.0	21.0	210.0
30.0	21.0	196.0
31.0	21.0	0.0
32.0	21.0	0.0
33.0	21.0	0.0
34.0	21.0	0.0
35.0	21.0	0.0
36.0	21.0	0.0
37.0	21.0	0.0
38.0	21.0	0.0
39.0	21.0	0.0
40.0	21.0	0.0
41.0	21.0	0.0
42.0	21.0	0.0
43.0	21.0	0.0
44.0	21.0	0.0
45.0	21.0	0.0
46.0	21.0	0.0
47.0	21.0	0.0
48.0	21.0	0.0
49.0	21.0	0.0
50.0	21.0	0.0

1.0	22.0	274.0
2.0	22.0	272.0
3.0	22.0	270.0
4.0	22.0	268.0
5.0	22.0	266.0
6.0	22.0	242.0
7.0	22.0	262.0
8.0	22.0	252.0
9.0	22.0	258.0
10.0	22.0	256.0
11.0	22.0	254.0
12.0	22.0	252.0
13.0	22.0	250.0
14.0	22.0	248.0
15.0	22.0	234.0
16.0	22.0	244.0
17.0	22.0	242.0
18.0	22.0	240.0
19.0	22.0	238.0
20.0	22.0	236.0
21.0	22.0	234.0
22.0	22.0	232.0
23.0	22.0	230.0
24.0	22.0	228.0
25.0	22.0	226.0
26.0	22.0	224.0
27.0	22.0	222.0
28.0	22.0	220.0
29.0	22.0	218.0
30.0	22.0	0.0
31.0	22.0	0.0
32.0	22.0	0.0
33.0	22.0	0.0
34.0	22.0	0.0
35.0	22.0	0.0
36.0	22.0	0.0
37.0	22.0	0.0
38.0	22.0	0.0
39.0	22.0	0.0
40.0	22.0	0.0
41.0	22.0	0.0
42.0	22.0	0.0
43.0	22.0	0.0
44.0	22.0	0.0
45.0	22.0	0.0
46.0	22.0	0.0
47.0	22.0	0.0
48.0	22.0	0.0
49.0	22.0	0.0
50.0	22.0	0.0

1.0	23.0	270.0
2.0	23.0	280.0
3.0	23.0	278.0
4.0	23.0	276.0
5.0	23.0	262.0
6.0	23.0	272.0
7.0	23.0	258.0
8.0	23.0	268.0
9.0	23.0	266.0
10.0	23.0	252.0
11.0	23.0	262.0
12.0	23.0	260.0
13.0	23.0	258.0
14.0	23.0	244.0
15.0	23.0	254.0
16.0	23.0	252.0
17.0	23.0	250.0
18.0	23.0	248.0
19.0	23.0	246.0
20.0	23.0	244.0
21.0	23.0	242.0
22.0	23.0	240.0
23.0	23.0	226.0
24.0	23.0	236.0
25.0	23.0	234.0
26.0	23.0	232.0
27.0	23.0	230.0
28.0	23.0	228.0
29.0	23.0	0.0
30.0	23.0	0.0
31.0	23.0	0.0
32.0	23.0	0.0
33.0	23.0	0.0
34.0	23.0	0.0
35.0	23.0	0.0
36.0	23.0	0.0
37.0	23.0	0.0
38.0	23.0	0.0
39.0	23.0	0.0
40.0	23.0	0.0
41.0	23.0	0.0
42.0	23.0	0.0
43.0	23.0	0.0
44.0	23.0	0.0
45.0	23.0	0.0
46.0	23.0	0.0
47.0	23.0	0.0
48.0	23.0	0.0
49.0	23.0	0.0
50.0	23.0	0.0

1.0	24.0	290.0
2.0	24.0	288.0
3.0	24.0	274.0
4.0	24.0	272.0
5.0	24.0	282.0
6.0	24.0	280.0
7.0	24.0	278.0
8.0	24.0	268.0
9.0	24.0	274.0
10.0	24.0	272.0
11.0	24.0	270.0
12.0	24.0	268.0
13.0	24.0	254.0
14.0	24.0	252.0
15.0	24.0	262.0
16.0	24.0	260.0
17.0	24.0	258.0
18.0	24.0	256.0
19.0	24.0	254.0
20.0	24.0	240.0
21.0	24.0	250.0
22.0	24.0	248.0
23.0	24.0	246.0
24.0	24.0	232.0
25.0	24.0	242.0
26.0	24.0	240.0
27.0	24.0	238.0
28.0	24.0	0.0
29.0	24.0	0.0
30.0	24.0	0.0
31.0	24.0	0.0
32.0	24.0	0.0
33.0	24.0	0.0
34.0	24.0	0.0
35.0	24.0	0.0
36.0	24.0	0.0
37.0	24.0	0.0
38.0	24.0	0.0
39.0	24.0	0.0
40.0	24.0	0.0
41.0	24.0	0.0
42.0	24.0	0.0
43.0	24.0	0.0
44.0	24.0	0.0
45.0	24.0	0.0
46.0	24.0	0.0
47.0	24.0	0.0
48.0	24.0	0.0
49.0	24.0	0.0
50.0	24.0	0.0

1.0	25.0	286.0
2.0	25.0	284.0
3.0	25.0	294.0
4.0	25.0	292.0
5.0	25.0	290.0
6.0	25.0	288.0
7.0	25.0	286.0
8.0	25.0	284.0
9.0	25.0	282.0
10.0	25.0	280.0
11.0	25.0	278.0
12.0	25.0	276.0
13.0	25.0	274.0
14.0	25.0	272.0
15.0	25.0	270.0
16.0	25.0	268.0
17.0	25.0	254.0
18.0	25.0	264.0
19.0	25.0	262.0
20.0	25.0	260.0
21.0	25.0	246.0
22.0	25.0	244.0
23.0	25.0	254.0
24.0	25.0	240.0
25.0	25.0	250.0
26.0	25.0	236.0
27.0	25.0	0.0
28.0	25.0	0.0
29.0	25.0	0.0
30.0	25.0	0.0
31.0	25.0	0.0
32.0	25.0	0.0
33.0	25.0	0.0
34.0	25.0	0.0
35.0	25.0	0.0
36.0	25.0	0.0
37.0	25.0	0.0
38.0	25.0	0.0
39.0	25.0	0.0
40.0	25.0	0.0
41.0	25.0	0.0
42.0	25.0	0.0
43.0	25.0	0.0
44.0	25.0	0.0
45.0	25.0	0.0
46.0	25.0	0.0
47.0	25.0	0.0
48.0	25.0	0.0
49.0	25.0	0.0
50.0	25.0	0.0

1.0	26.0	294.0
2.0	26.0	304.0
3.0	26.0	302.0
4.0	26.0	300.0
5.0	26.0	286.0
6.0	26.0	296.0
7.0	26.0	294.0
8.0	26.0	292.0
9.0	26.0	290.0
10.0	26.0	288.0
11.0	26.0	278.0
12.0	26.0	284.0
13.0	26.0	282.0
14.0	26.0	280.0
15.0	26.0	266.0
16.0	26.0	264.0
17.0	26.0	274.0
18.0	26.0	272.0
19.0	26.0	270.0
20.0	26.0	268.0
21.0	26.0	266.0
22.0	26.0	264.0
23.0	26.0	262.0
24.0	26.0	248.0
25.0	26.0	246.0
26.0	26.0	0.0
27.0	26.0	0.0
28.0	26.0	0.0
29.0	26.0	0.0
30.0	26.0	0.0
31.0	26.0	0.0
32.0	26.0	0.0
33.0	26.0	0.0
34.0	26.0	0.0
35.0	26.0	0.0
36.0	26.0	0.0
37.0	26.0	0.0
38.0	26.0	0.0
39.0	26.0	0.0
40.0	26.0	0.0
41.0	26.0	0.0
42.0	26.0	0.0
43.0	26.0	0.0
44.0	26.0	0.0
45.0	26.0	0.0
46.0	26.0	0.0
47.0	26.0	0.0
48.0	26.0	0.0
49.0	26.0	0.0
50.0	26.0	0.0

1.0	27.0	314.0
2.0	27.0	312.0
3.0	27.0	310.0
4.0	27.0	308.0
5.0	27.0	306.0
6.0	27.0	292.0
7.0	27.0	302.0
8.0	27.0	300.0
9.0	27.0	286.0
10.0	27.0	284.0
11.0	27.0	294.0
12.0	27.0	292.0
13.0	27.0	266.0
14.0	27.0	288.0
15.0	27.0	286.0
16.0	27.0	284.0
17.0	27.0	282.0
18.0	27.0	268.0
19.0	27.0	278.0
20.0	27.0	276.0
21.0	27.0	274.0
22.0	27.0	272.0
23.0	27.0	270.0
24.0	27.0	268.0
25.0	27.0	0.0
26.0	27.0	0.0
27.0	27.0	0.0
28.0	27.0	0.0
29.0	27.0	0.0
30.0	27.0	0.0
31.0	27.0	0.0
32.0	27.0	0.0
33.0	27.0	0.0
34.0	27.0	0.0
35.0	27.0	0.0
36.0	27.0	0.0
37.0	27.0	0.0
38.0	27.0	0.0
39.0	27.0	0.0
40.0	27.0	0.0
41.0	27.0	0.0
42.0	27.0	0.0
43.0	27.0	0.0
44.0	27.0	0.0
45.0	27.0	0.0
46.0	27.0	0.0
47.0	27.0	0.0
48.0	27.0	0.0
49.0	27.0	0.0
50.0	27.0	0.0

1.0	28.0	322.0
2.0	28.0	296.0
3.0	28.0	318.0
4.0	28.0	316.0
5.0	28.0	302.0
6.0	28.0	312.0
7.0	28.0	310.0
8.0	28.0	308.0
9.0	28.0	306.0
10.0	28.0	304.0
11.0	28.0	302.0
12.0	28.0	300.0
13.0	28.0	298.0
14.0	28.0	296.0
15.0	28.0	294.0
16.0	28.0	292.0
17.0	28.0	290.0
18.0	28.0	288.0
19.0	28.0	274.0
20.0	28.0	284.0
21.0	28.0	282.0
22.0	28.0	280.0
23.0	28.0	278.0
24.0	28.0	0.0
25.0	28.0	0.0
26.0	28.0	0.0
27.0	28.0	0.0
28.0	28.0	0.0
29.0	28.0	0.0
30.0	28.0	0.0
31.0	28.0	0.0
32.0	28.0	0.0
33.0	28.0	0.0
34.0	28.0	0.0
35.0	28.0	0.0
36.0	28.0	0.0
37.0	28.0	0.0
38.0	28.0	0.0
39.0	28.0	0.0
40.0	28.0	0.0
41.0	28.0	0.0
42.0	28.0	0.0
43.0	28.0	0.0
44.0	28.0	0.0
45.0	28.0	0.0
46.0	28.0	0.0
47.0	28.0	0.0
48.0	28.0	0.0
49.0	28.0	0.0
50.0	28.0	0.0

1.0	29.0	330.0
2.0	29.0	328.0
3.0	29.0	326.0
4.0	29.0	324.0
5.0	29.0	310.0
6.0	29.0	320.0
7.0	29.0	294.0
8.0	29.0	304.0
9.0	29.0	314.0
10.0	29.0	312.0
11.0	29.0	298.0
12.0	29.0	308.0
13.0	29.0	306.0
14.0	29.0	304.0
15.0	29.0	302.0
16.0	29.0	300.0
17.0	29.0	298.0
18.0	29.0	296.0
19.0	29.0	282.0
20.0	29.0	282.0
21.0	29.0	266.0
22.0	29.0	288.0
23.0	29.0	0.0
24.0	29.0	0.0
25.0	29.0	0.0
26.0	29.0	0.0
27.0	29.0	0.0
28.0	29.0	0.0
29.0	29.0	0.0
30.0	29.0	0.0
31.0	29.0	0.0
32.0	29.0	0.0
33.0	29.0	0.0
34.0	29.0	0.0
35.0	29.0	0.0
36.0	29.0	0.0
37.0	29.0	0.0
38.0	29.0	0.0
39.0	29.0	0.0
40.0	29.0	0.0
41.0	29.0	0.0
42.0	29.0	0.0
43.0	29.0	0.0
44.0	29.0	0.0
45.0	29.0	0.0
46.0	29.0	0.0
47.0	29.0	0.0
48.0	29.0	0.0
49.0	29.0	0.0
50.0	29.0	0.0

1.0	30.0	328.0
2.0	30.0	336.0
3.0	30.0	334.0
4.0	30.0	320.0
5.0	30.0	330.0
6.0	30.0	328.0
7.0	30.0	326.0
8.0	30.0	324.0
9.0	30.0	310.0
10.0	30.0	320.0
11.0	30.0	318.0
12.0	30.0	304.0
13.0	30.0	302.0
14.0	30.0	300.0
15.0	30.0	298.0
16.0	30.0	308.0
17.0	30.0	294.0
18.0	30.0	304.0
19.0	30.0	302.0
20.0	30.0	300.0
21.0	30.0	298.0
22.0	30.0	0.0
23.0	30.0	0.0
24.0	30.0	0.0
25.0	30.0	0.0
26.0	30.0	0.0
27.0	30.0	0.0
28.0	30.0	0.0
29.0	30.0	0.0
30.0	30.0	0.0
31.0	30.0	0.0
32.0	30.0	0.0
33.0	30.0	0.0
34.0	30.0	0.0
35.0	30.0	0.0
36.0	30.0	0.0
37.0	30.0	0.0
38.0	30.0	0.0
39.0	30.0	0.0
40.0	30.0	0.0
41.0	30.0	0.0
42.0	30.0	0.0
43.0	30.0	0.0
44.0	30.0	0.0
45.0	30.0	0.0
46.0	30.0	0.0
47.0	30.0	0.0
48.0	30.0	0.0
49.0	30.0	0.0
50.0	30.0	0.0

1.0	31.0	346.0
2.0	31.0	332.0
3.0	31.0	342.0
4.0	31.0	340.0
5.0	31.0	314.0
6.0	31.0	312.0
7.0	31.0	334.0
8.0	31.0	332.0
9.0	31.0	330.0
10.0	31.0	328.0
11.0	31.0	326.0
12.0	31.0	324.0
13.0	31.0	322.0
14.0	31.0	320.0
15.0	31.0	306.0
16.0	31.0	316.0
17.0	31.0	314.0
18.0	31.0	312.0
19.0	31.0	310.0
20.0	31.0	296.0
21.0	31.0	0.0
22.0	31.0	0.0
23.0	31.0	0.0
24.0	31.0	0.0
25.0	31.0	0.0
26.0	31.0	0.0
27.0	31.0	0.0
28.0	31.0	0.0
29.0	31.0	0.0
30.0	31.0	0.0
31.0	31.0	0.0
32.0	31.0	0.0
33.0	31.0	0.0
34.0	31.0	0.0
35.0	31.0	0.0
36.0	31.0	0.0
37.0	31.0	0.0
38.0	31.0	0.0
39.0	31.0	0.0
40.0	31.0	0.0
41.0	31.0	0.0
42.0	31.0	0.0
43.0	31.0	0.0
44.0	31.0	0.0
45.0	31.0	0.0
46.0	31.0	0.0
47.0	31.0	0.0
48.0	31.0	0.0
49.0	31.0	0.0
50.0	31.0	0.0

1.0	32.0	354.0
2.0	32.0	352.0
3.0	32.0	338.0
4.0	32.0	348.0
5.0	32.0	334.0
6.0	32.0	344.0
7.0	32.0	342.0
8.0	32.0	340.0
9.0	32.0	326.0
10.0	32.0	324.0
11.0	32.0	322.0
12.0	32.0	332.0
13.0	32.0	330.0
14.0	32.0	328.0
15.0	32.0	316.0
16.0	32.0	324.0
17.0	32.0	322.0
18.0	32.0	320.0
19.0	32.0	306.0
20.0	32.0	0.0
21.0	32.0	0.0
22.0	32.0	0.0
23.0	32.0	0.0
24.0	32.0	0.0
25.0	32.0	0.0
26.0	32.0	0.0
27.0	32.0	0.0
28.0	32.0	0.0
29.0	32.0	0.0
30.0	32.0	0.0
31.0	32.0	0.0
32.0	32.0	0.0
33.0	32.0	0.0
34.0	32.0	0.0
35.0	32.0	0.0
36.0	32.0	0.0
37.0	32.0	0.0
38.0	32.0	0.0
39.0	32.0	0.0
40.0	32.0	0.0
41.0	32.0	0.0
42.0	32.0	0.0
43.0	32.0	0.0
44.0	32.0	0.0
45.0	32.0	0.0
46.0	32.0	0.0
47.0	32.0	0.0
48.0	32.0	0.0
49.0	32.0	0.0
50.0	32.0	0.0

1.0	33.0	362.0
2.0	33.0	360.0
3.0	33.0	358.0
4.0	33.0	344.0
5.0	33.0	342.0
6.0	33.0	340.0
7.0	33.0	338.0
8.0	33.0	348.0
9.0	33.0	346.0
10.0	33.0	344.0
11.0	33.0	342.0
12.0	33.0	328.0
13.0	33.0	338.0
14.0	33.0	324.0
15.0	33.0	322.0
16.0	33.0	320.0
17.0	33.0	318.0
18.0	33.0	328.0
19.0	33.0	0.0
20.0	33.0	0.0
21.0	33.0	0.0
22.0	33.0	0.0
23.0	33.0	0.0
24.0	33.0	0.0
25.0	33.0	0.0
26.0	33.0	0.0
27.0	33.0	0.0
28.0	33.0	0.0
29.0	33.0	0.0
30.0	33.0	0.0
31.0	33.0	0.0
32.0	33.0	0.0
33.0	33.0	0.0
34.0	33.0	0.0
35.0	33.0	0.0
36.0	33.0	0.0
37.0	33.0	0.0
38.0	33.0	0.0
39.0	33.0	0.0
40.0	33.0	0.0
41.0	33.0	0.0
42.0	33.0	0.0
43.0	33.0	0.0
44.0	33.0	0.0
45.0	33.0	0.0
46.0	33.0	0.0
47.0	33.0	0.0
48.0	33.0	0.0
49.0	33.0	0.0
50.0	33.0	0.0

1.0	34.0	370.0
2.0	34.0	368.0
3.0	34.0	356.0
4.0	34.0	352.0
5.0	34.0	362.0
6.0	34.0	360.0
7.0	34.0	346.0
8.0	34.0	344.0
9.0	34.0	354.0
10.0	34.0	352.0
11.0	34.0	350.0
12.0	34.0	348.0
13.0	34.0	334.0
14.0	34.0	344.0
15.0	34.0	330.0
16.0	34.0	340.0
17.0	34.0	338.0
18.0	34.0	0.0
19.0	34.0	0.0
20.0	34.0	0.0
21.0	34.0	0.0
22.0	34.0	0.0
23.0	34.0	0.0
24.0	34.0	0.0
25.0	34.0	0.0
26.0	34.0	0.0
27.0	34.0	0.0
28.0	34.0	0.0
29.0	34.0	0.0
30.0	34.0	0.0
31.0	34.0	0.0
32.0	34.0	0.0
33.0	34.0	0.0
34.0	34.0	0.0
35.0	34.0	0.0
36.0	34.0	0.0
37.0	34.0	0.0
38.0	34.0	0.0
39.0	34.0	0.0
40.0	34.0	0.0
41.0	34.0	0.0
42.0	34.0	0.0
43.0	34.0	0.0
44.0	34.0	0.0
45.0	34.0	0.0
46.0	34.0	0.0
47.0	34.0	0.0
48.0	34.0	0.0
49.0	34.0	0.0
50.0	34.0	0.0

1.0	35.0	378.0
2.0	35.0	376.0
3.0	35.0	374.0
4.0	35.0	348.0
5.0	35.0	370.0
6.0	35.0	368.0
7.0	35.0	354.0
8.0	35.0	352.0
9.0	35.0	362.0
10.0	35.0	360.0
11.0	35.0	358.0
12.0	35.0	356.0
13.0	35.0	354.0
14.0	35.0	340.0
15.0	35.0	350.0
16.0	35.0	336.0
17.0	35.0	0.0
18.0	35.0	0.0
19.0	35.0	0.0
20.0	35.0	0.0
21.0	35.0	0.0
22.0	35.0	0.0
23.0	35.0	0.0
24.0	35.0	0.0
25.0	35.0	0.0
26.0	35.0	0.0
27.0	35.0	0.0
28.0	35.0	0.0
29.0	35.0	0.0
30.0	35.0	0.0
31.0	35.0	0.0
32.0	35.0	0.0
33.0	35.0	0.0
34.0	35.0	0.0
35.0	35.0	0.0
36.0	35.0	0.0
37.0	35.0	0.0
38.0	35.0	0.0
39.0	35.0	0.0
40.0	35.0	0.0
41.0	35.0	0.0
42.0	35.0	0.0
43.0	35.0	0.0
44.0	35.0	0.0
45.0	35.0	0.0
46.0	35.0	0.0
47.0	35.0	0.0
48.0	35.0	0.0
49.0	35.0	0.0
50.0	35.0	0.0

1.0	36.0	386.0
2.0	36.0	384.0
3.0	36.0	382.0
4.0	36.0	380.0
5.0	36.0	366.0
6.0	36.0	352.0
7.0	36.0	374.0
8.0	36.0	372.0
9.0	36.0	358.0
10.0	36.0	368.0
11.0	36.0	366.0
12.0	36.0	352.0
13.0	36.0	350.0
14.0	36.0	360.0
15.0	36.0	334.0
16.0	36.0	0.0
17.0	36.0	0.0
18.0	36.0	0.0
19.0	36.0	0.0
20.0	36.0	0.0
21.0	36.0	0.0
22.0	36.0	0.0
23.0	36.0	0.0
24.0	36.0	0.0
25.0	36.0	0.0
26.0	36.0	0.0
27.0	36.0	0.0
28.0	36.0	0.0
29.0	36.0	0.0
30.0	36.0	0.0
31.0	36.0	0.0
32.0	36.0	0.0
33.0	36.0	0.0
34.0	36.0	0.0
35.0	36.0	0.0
36.0	36.0	0.0
37.0	36.0	0.0
38.0	36.0	0.0
39.0	36.0	0.0
40.0	36.0	0.0
41.0	36.0	0.0
42.0	36.0	0.0
43.0	36.0	0.0
44.0	36.0	0.0
45.0	36.0	0.0
46.0	36.0	0.0
47.0	36.0	0.0
48.0	36.0	0.0
49.0	36.0	0.0
50.0	36.0	0.0

1.0	37.0	382.0
2.0	37.0	392.0
3.0	37.0	390.0
4.0	37.0	388.0
5.0	37.0	386.0
6.0	37.0	384.0
7.0	37.0	370.0
8.0	37.0	380.0
9.0	37.0	378.0
10.0	37.0	376.0
11.0	37.0	374.0
12.0	37.0	372.0
13.0	37.0	370.0
14.0	37.0	368.0
15.0	37.0	0.0
16.0	37.0	0.0
17.0	37.0	0.0
18.0	37.0	0.0
19.0	37.0	0.0
20.0	37.0	0.0
21.0	37.0	0.0
22.0	37.0	0.0
23.0	37.0	0.0
24.0	37.0	0.0
25.0	37.0	0.0
26.0	37.0	0.0
27.0	37.0	0.0
28.0	37.0	0.0
29.0	37.0	0.0
30.0	37.0	0.0
31.0	37.0	0.0
32.0	37.0	0.0
33.0	37.0	0.0
34.0	37.0	0.0
35.0	37.0	0.0
36.0	37.0	0.0
37.0	37.0	0.0
38.0	37.0	0.0
39.0	37.0	0.0
40.0	37.0	0.0
41.0	37.0	0.0
42.0	37.0	0.0
43.0	37.0	0.0
44.0	37.0	0.0
45.0	37.0	0.0
46.0	37.0	0.0
47.0	37.0	0.0
48.0	37.0	0.0
49.0	37.0	0.0
50.0	37.0	0.0

1.0	38.0	402.0
2.0	38.0	376.0
3.0	38.0	386.0
4.0	38.0	384.0
5.0	38.0	382.0
6.0	38.0	392.0
7.0	38.0	390.0
8.0	38.0	376.0
9.0	38.0	374.0
10.0	38.0	384.0
11.0	38.0	382.0
12.0	38.0	368.0
13.0	38.0	378.0
14.0	38.0	0.0
15.0	38.0	0.0
16.0	38.0	0.0
17.0	38.0	0.0
18.0	38.0	0.0
19.0	38.0	0.0
20.0	38.0	0.0
21.0	38.0	0.0
22.0	38.0	0.0
23.0	38.0	0.0
24.0	38.0	0.0
25.0	38.0	0.0
26.0	38.0	0.0
27.0	38.0	0.0
28.0	38.0	0.0
29.0	38.0	0.0
30.0	38.0	0.0
31.0	38.0	0.0
32.0	38.0	0.0
33.0	38.0	0.0
34.0	38.0	0.0
35.0	38.0	0.0
36.0	38.0	0.0
37.0	38.0	0.0
38.0	38.0	0.0
39.0	38.0	0.0
40.0	38.0	0.0
41.0	38.0	0.0
42.0	38.0	0.0
43.0	38.0	0.0
44.0	38.0	0.0
45.0	38.0	0.0
46.0	38.0	0.0
47.0	38.0	0.0
48.0	38.0	0.0
49.0	38.0	0.0
50.0	38.0	0.0

1.0	39.0	410.0
2.0	39.0	396.0
3.0	39.0	382.0
4.0	39.0	392.0
5.0	39.0	402.0
6.0	39.0	388.0
7.0	39.0	398.0
8.0	39.0	384.0
9.0	39.0	394.0
10.0	39.0	380.0
11.0	39.0	390.0
12.0	39.0	388.0
13.0	39.0	0.0
14.0	39.0	0.0
15.0	39.0	0.0
16.0	39.0	0.0
17.0	39.0	0.0
18.0	39.0	0.0
19.0	39.0	0.0
20.0	39.0	0.0
21.0	39.0	0.0
22.0	39.0	0.0
23.0	39.0	0.0
24.0	39.0	0.0
25.0	39.0	0.0
26.0	39.0	0.0
27.0	39.0	0.0
28.0	39.0	0.0
29.0	39.0	0.0
30.0	39.0	0.0
31.0	39.0	0.0
32.0	39.0	0.0
33.0	39.0	0.0
34.0	39.0	0.0
35.0	39.0	0.0
36.0	39.0	0.0
37.0	39.0	0.0
38.0	39.0	0.0
39.0	39.0	0.0
40.0	39.0	0.0
41.0	39.0	0.0
42.0	39.0	0.0
43.0	39.0	0.0
44.0	39.0	0.0
45.0	39.0	0.0
46.0	39.0	0.0
47.0	39.0	0.0
48.0	39.0	0.0
49.0	39.0	0.0
50.0	39.0	0.0

1.0	40.0	418.0
2.0	40.0	404.0
3.0	40.0	414.0
4.0	40.0	412.0
5.0	40.0	398.0
6.0	40.0	408.0
7.0	40.0	406.0
8.0	40.0	404.0
9.0	40.0	402.0
10.0	40.0	400.0
11.0	40.0	386.0
12.0	40.0	0.0
13.0	40.0	0.0
14.0	40.0	0.0
15.0	40.0	0.0
16.0	40.0	0.0
17.0	40.0	0.0
18.0	40.0	0.0
19.0	40.0	0.0
20.0	40.0	0.0
21.0	40.0	0.0
22.0	40.0	0.0
23.0	40.0	0.0
24.0	40.0	0.0
25.0	40.0	0.0
26.0	40.0	0.0
27.0	40.0	0.0
28.0	40.0	0.0
29.0	40.0	0.0
30.0	40.0	0.0
31.0	40.0	0.0
32.0	40.0	0.0
33.0	40.0	0.0
34.0	40.0	0.0
35.0	40.0	0.0
36.0	40.0	0.0
37.0	40.0	0.0
38.0	40.0	0.0
39.0	40.0	0.0
40.0	40.0	0.0
41.0	40.0	0.0
42.0	40.0	0.0
43.0	40.0	0.0
44.0	40.0	0.0
45.0	40.0	0.0
46.0	40.0	0.0
47.0	40.0	0.0
48.0	40.0	0.0
49.0	40.0	0.0
50.0	40.0	0.0

1.0	41.0	414.0
2.0	41.0	424.0
3.0	41.0	410.0
4.0	41.0	420.0
5.0	41.0	418.0
6.0	41.0	404.0
7.0	41.0	414.0
8.0	41.0	402.0
9.0	41.0	410.0
10.0	41.0	408.0
11.0	41.0	0.0
12.0	41.0	0.0
13.0	41.0	0.0
14.0	41.0	0.0
15.0	41.0	0.0
16.0	41.0	0.0
17.0	41.0	0.0
18.0	41.0	0.0
19.0	41.0	0.0
20.0	41.0	0.0
21.0	41.0	0.0
22.0	41.0	0.0
23.0	41.0	0.0
24.0	41.0	0.0
25.0	41.0	0.0
26.0	41.0	0.0
27.0	41.0	0.0
28.0	41.0	0.0
29.0	41.0	0.0
30.0	41.0	0.0
31.0	41.0	0.0
32.0	41.0	0.0
33.0	41.0	0.0
34.0	41.0	0.0
35.0	41.0	0.0
36.0	41.0	0.0
37.0	41.0	0.0
38.0	41.0	0.0
39.0	41.0	0.0
40.0	41.0	0.0
41.0	41.0	0.0
42.0	41.0	0.0
43.0	41.0	0.0
44.0	41.0	0.0
45.0	41.0	0.0
46.0	41.0	0.0
47.0	41.0	0.0
48.0	41.0	0.0
49.0	41.0	0.0
50.0	41.0	0.0

1.0	42.0	434.0
2.0	42.0	432.0
3.0	42.0	418.0
4.0	42.0	404.0
5.0	42.0	404.0
6.0	42.0	412.0
7.0	42.0	412.0
8.0	42.0	408.0
9.0	42.0	418.0
10.0	42.0	0.0
11.0	42.0	0.0
12.0	42.0	0.0
13.0	42.0	0.0
14.0	42.0	0.0
15.0	42.0	0.0
16.0	42.0	0.0
17.0	42.0	0.0
18.0	42.0	0.0
19.0	42.0	0.0
20.0	42.0	0.0
21.0	42.0	0.0
22.0	42.0	0.0
23.0	42.0	0.0
24.0	42.0	0.0
25.0	42.0	0.0
26.0	42.0	0.0
27.0	42.0	0.0
28.0	42.0	0.0
29.0	42.0	0.0
30.0	42.0	0.0
31.0	42.0	0.0
32.0	42.0	0.0
33.0	42.0	0.0
34.0	42.0	0.0
35.0	42.0	0.0
36.0	42.0	0.0
37.0	42.0	0.0
38.0	42.0	0.0
39.0	42.0	0.0
40.0	42.0	0.0
41.0	42.0	0.0
42.0	42.0	0.0
43.0	42.0	0.0
44.0	42.0	0.0
45.0	42.0	0.0
46.0	42.0	0.0
47.0	42.0	0.0
48.0	42.0	0.0
49.0	42.0	0.0
50.0	42.0	0.0

1.0	43.0	442.0
2.0	43.0	440.0
3.0	43.0	426.0
4.0	43.0	424.0
5.0	43.0	434.0
6.0	43.0	432.0
7.0	43.0	430.0
8.0	43.0	420.0
9.0	43.0	0.0
10.0	43.0	0.0
11.0	43.0	0.0
12.0	43.0	0.0
13.0	43.0	0.0
14.0	43.0	0.0
15.0	43.0	0.0
16.0	43.0	0.0
17.0	43.0	0.0
18.0	43.0	0.0
19.0	43.0	0.0
20.0	43.0	0.0
21.0	43.0	0.0
22.0	43.0	0.0
23.0	43.0	0.0
24.0	43.0	0.0
25.0	43.0	0.0
26.0	43.0	0.0
27.0	43.0	0.0
28.0	43.0	0.0
29.0	43.0	0.0
30.0	43.0	0.0
31.0	43.0	0.0
32.0	43.0	0.0
33.0	43.0	0.0
34.0	43.0	0.0
35.0	43.0	0.0
36.0	43.0	0.0
37.0	43.0	0.0
38.0	43.0	0.0
39.0	43.0	0.0
40.0	43.0	0.0
41.0	43.0	0.0
42.0	43.0	0.0
43.0	43.0	0.0
44.0	43.0	0.0
45.0	43.0	0.0
46.0	43.0	0.0
47.0	43.0	0.0
48.0	43.0	0.0
49.0	43.0	0.0
50.0	43.0	0.0

1.0	44.0	430.0
2.0	44.0	448.0
3.0	44.0	434.0
4.0	44.0	432.0
5.0	44.0	430.0
6.0	44.0	428.0
7.0	44.0	438.0
8.0	44.0	0.0
9.0	44.0	0.0
10.0	44.0	0.0
11.0	44.0	0.0
12.0	44.0	0.0
13.0	44.0	0.0
14.0	44.0	0.0
15.0	44.0	0.0
16.0	44.0	0.0
17.0	44.0	0.0
18.0	44.0	0.0
19.0	44.0	0.0
20.0	44.0	0.0
21.0	44.0	0.0
22.0	44.0	0.0
23.0	44.0	0.0
24.0	44.0	0.0
25.0	44.0	0.0
26.0	44.0	0.0
27.0	44.0	0.0
28.0	44.0	0.0
29.0	44.0	0.0
30.0	44.0	0.0
31.0	44.0	0.0
32.0	44.0	0.0
33.0	44.0	0.0
34.0	44.0	0.0
35.0	44.0	0.0
36.0	44.0	0.0
37.0	44.0	0.0
38.0	44.0	0.0
39.0	44.0	0.0
40.0	44.0	0.0
41.0	44.0	0.0
42.0	44.0	0.0
43.0	44.0	0.0
44.0	44.0	0.0
45.0	44.0	0.0
46.0	44.0	0.0
47.0	44.0	0.0
48.0	44.0	0.0
49.0	44.0	0.0
50.0	44.0	0.0

1.0	45.0	458.0
2.0	45.0	444.0
3.0	45.0	442.0
4.0	45.0	440.0
5.0	45.0	438.0
6.0	45.0	448.0
7.0	45.0	0.0
8.0	45.0	0.0
9.0	45.0	0.0
10.0	45.0	0.0
11.0	45.0	0.0
12.0	45.0	0.0
13.0	45.0	0.0
14.0	45.0	0.0
15.0	45.0	0.0
16.0	45.0	0.0
17.0	45.0	0.0
18.0	45.0	0.0
19.0	45.0	0.0
20.0	45.0	0.0
21.0	45.0	0.0
22.0	45.0	0.0
23.0	45.0	0.0
24.0	45.0	0.0
25.0	45.0	0.0
26.0	45.0	0.0
27.0	45.0	0.0
28.0	45.0	0.0
29.0	45.0	0.0
30.0	45.0	0.0
31.0	45.0	0.0
32.0	45.0	0.0
33.0	45.0	0.0
34.0	45.0	0.0
35.0	45.0	0.0
36.0	45.0	0.0
37.0	45.0	0.0
38.0	45.0	0.0
39.0	45.0	0.0
40.0	45.0	0.0
41.0	45.0	0.0
42.0	45.0	0.0
43.0	45.0	0.0
44.0	45.0	0.0
45.0	45.0	0.0
46.0	45.0	0.0
47.0	45.0	0.0
48.0	45.0	0.0
49.0	45.0	0.0
50.0	45.0	0.0

1.0	46.0	466.0
2.0	46.0	452.0
3.0	46.0	450.0
4.0	46.0	460.0
5.0	46.0	446.0
6.0	46.0	0.0
7.0	46.0	0.0
8.0	46.0	0.0
9.0	46.0	0.0
10.0	46.0	0.0
11.0	46.0	0.0
12.0	46.0	0.0
13.0	46.0	0.0
14.0	46.0	0.0
15.0	46.0	0.0
16.0	46.0	0.0
17.0	46.0	0.0
18.0	46.0	0.0
19.0	46.0	0.0
20.0	46.0	0.0
21.0	46.0	0.0
22.0	46.0	0.0
23.0	46.0	0.0
24.0	46.0	0.0
25.0	46.0	0.0
26.0	46.0	0.0
27.0	46.0	0.0
28.0	46.0	0.0
29.0	46.0	0.0
30.0	46.0	0.0
31.0	46.0	0.0
32.0	46.0	0.0
33.0	46.0	0.0
34.0	46.0	0.0
35.0	46.0	0.0
36.0	46.0	0.0
37.0	46.0	0.0
38.0	46.0	0.0
39.0	46.0	0.0
40.0	46.0	0.0
41.0	46.0	0.0
42.0	46.0	0.0
43.0	46.0	0.0
44.0	46.0	0.0
45.0	46.0	0.0
46.0	46.0	0.0
47.0	46.0	0.0
48.0	46.0	0.0
49.0	46.0	0.0
50.0	46.0	0.0

1.0	47.0	474.0
2.0	47.0	460.0
3.0	47.0	470.0
4.0	47.0	468.0
5.0	47.0	0.0
6.0	47.0	0.0
7.0	47.0	0.0
8.0	47.0	0.0
9.0	47.0	0.0
10.0	47.0	0.0
11.0	47.0	0.0
12.0	47.0	0.0
13.0	47.0	0.0
14.0	47.0	0.0
15.0	47.0	0.0
16.0	47.0	0.0
17.0	47.0	0.0
18.0	47.0	0.0
19.0	47.0	0.0
20.0	47.0	0.0
21.0	47.0	0.0
22.0	47.0	0.0
23.0	47.0	0.0
24.0	47.0	0.0
25.0	47.0	0.0
26.0	47.0	0.0
27.0	47.0	0.0
28.0	47.0	0.0
29.0	47.0	0.0
30.0	47.0	0.0
31.0	47.0	0.0
32.0	47.0	0.0
33.0	47.0	0.0
34.0	47.0	0.0
35.0	47.0	0.0
36.0	47.0	0.0
37.0	47.0	0.0
38.0	47.0	0.0
39.0	47.0	0.0
40.0	47.0	0.0
41.0	47.0	0.0
42.0	47.0	0.0
43.0	47.0	0.0
44.0	47.0	0.0
45.0	47.0	0.0
46.0	47.0	0.0
47.0	47.0	0.0
48.0	47.0	0.0
49.0	47.0	0.0
50.0	47.0	0.0

1.0	48.0	482.0
2.0	48.0	480.0
3.0	48.0	478.0
4.0	48.0	0.0
5.0	48.0	0.0
6.0	48.0	0.0
7.0	48.0	0.0
8.0	48.0	0.0
9.0	48.0	0.0
10.0	48.0	0.0
11.0	48.0	0.0
12.0	48.0	0.0
13.0	48.0	0.0
14.0	48.0	0.0
15.0	48.0	0.0
16.0	48.0	0.0
17.0	48.0	0.0
18.0	48.0	0.0
19.0	48.0	0.0
20.0	48.0	0.0
21.0	48.0	0.0
22.0	48.0	0.0
23.0	48.0	0.0
24.0	48.0	0.0
25.0	48.0	0.0
26.0	48.0	0.0
27.0	48.0	0.0
28.0	48.0	0.0
29.0	48.0	0.0
30.0	48.0	0.0
31.0	48.0	0.0
32.0	48.0	0.0
33.0	48.0	0.0
34.0	48.0	0.0
35.0	48.0	0.0
36.0	48.0	0.0
37.0	48.0	0.0
38.0	48.0	0.0
39.0	48.0	0.0
40.0	48.0	0.0
41.0	48.0	0.0
42.0	48.0	0.0
43.0	48.0	0.0
44.0	48.0	0.0
45.0	48.0	0.0
46.0	48.0	0.0
47.0	48.0	0.0
48.0	48.0	0.0
49.0	48.0	0.0
50.0	48.0	0.0

1.0	49.0	482.0
2.0	49.0	476.0
3.0	49.0	0.0
4.0	49.0	0.0
5.0	49.0	0.0
6.0	49.0	0.0
7.0	49.0	0.0
8.0	49.0	0.0
9.0	49.0	0.0
10.0	49.0	0.0
11.0	49.0	0.0
12.0	49.0	0.0
13.0	49.0	0.0
14.0	49.0	0.0
15.0	49.0	0.0
16.0	49.0	0.0
17.0	49.0	0.0
18.0	49.0	0.0
19.0	49.0	0.0
20.0	49.0	0.0
21.0	49.0	0.0
22.0	49.0	0.0
23.0	49.0	0.0
24.0	49.0	0.0
25.0	49.0	0.0
26.0	49.0	0.0
27.0	49.0	0.0
28.0	49.0	0.0
29.0	49.0	0.0
30.0	49.0	0.0
31.0	49.0	0.0
32.0	49.0	0.0
33.0	49.0	0.0
34.0	49.0	0.0
35.0	49.0	0.0
36.0	49.0	0.0
37.0	49.0	0.0
38.0	49.0	0.0
39.0	49.0	0.0
40.0	49.0	0.0
41.0	49.0	0.0
42.0	49.0	0.0
43.0	49.0	0.0
44.0	49.0	0.0
45.0	49.0	0.0
46.0	49.0	0.0
47.0	49.0	0.0
48.0	49.0	0.0
49.0	49.0	0.0
50.0	49.0	0.0

1.0	50.0	486.0
2.0	50.0	0.0
3.0	50.0	0.0
4.0	50.0	0.0
5.0	50.0	0.0
6.0	50.0	0.0
7.0	50.0	0.0
8.0	50.0	0.0
9.0	50.0	0.0
10.0	50.0	0.0
11.0	50.0	0.0
12.0	50.0	0.0
13.0	50.0	0.0
14.0	50.0	0.0
15.0	50.0	0.0
16.0	50.0	0.0
17.0	50.0	0.0
18.0	50.0	0.0
19.0	50.0	0.0
20.0	50.0	0.0
21.0	50.0	0.0
22.0	50.0	0.0
23.0	50.0	0.0
24.0	50.0	0.0
25.0	50.0	0.0
26.0	50.0	0.0
27.0	50.0	0.0
28.0	50.0	0.0
29.0	50.0	0.0
30.0	50.0	0.0
31.0	50.0	0.0
32.0	50.0	0.0
33.0	50.0	0.0
34.0	50.0	0.0
35.0	50.0	0.0
36.0	50.0	0.0
37.0	50.0	0.0
38.0	50.0	0.0
39.0	50.0	0.0
40.0	50.0	0.0
41.0	50.0	0.0
42.0	50.0	0.0
43.0	50.0	0.0
44.0	50.0	0.0
45.0	50.0	0.0
46.0	50.0	0.0
47.0	50.0	0.0
48.0	50.0	0.0
49.0	50.0	0.0
50.0	50.0	0.0


