Length	Start	data
1.0	1.0	76.0
2.0	1.0	72.0
3.0	1.0	66.0
4.0	1.0	64.0
5.0	1.0	60.0
6.0	1.0	58.0
7.0	1.0	58.0
8.0	1.0	56.0
9.0	1.0	54.0
10.0	1.0	52.0
11.0	1.0	52.0
12.0	1.0	50.0
13.0	1.0	52.0
14.0	1.0	50.0
15.0	1.0	50.0
16.0	1.0	48.0
17.0	1.0	48.0
18.0	1.0	46.0
19.0	1.0	46.0
20.0	1.0	44.0
21.0	1.0	46.0
22.0	1.0	44.0
23.0	1.0	44.0
24.0	1.0	42.0
25.0	1.0	46.0
26.0	1.0	44.0
27.0	1.0	44.0
28.0	1.0	42.0
29.0	1.0	44.0
30.0	1.0	42.0
31.0	1.0	42.0
32.0	1.0	40.0
33.0	1.0	42.0
34.0	1.0	40.0
35.0	1.0	40.0
36.0	1.0	38.0
37.0	1.0	40.0
38.0	1.0	38.0
39.0	1.0	38.0
40.0	1.0	36.0
41.0	1.0	40.0
42.0	1.0	38.0
43.0	1.0	38.0
44.0	1.0	36.0
45.0	1.0	38.0
46.0	1.0	36.0
47.0	1.0	36.0
48.0	1.0	34.0
49.0	1.0	34.0
50.0	1.0	32.0

1.0	2.0	76.0
2.0	2.0	78.0
3.0	2.0	66.0
4.0	2.0	76.0
5.0	2.0	60.0
6.0	2.0	64.0
7.0	2.0	58.0
8.0	2.0	74.0
9.0	2.0	54.0
10.0	2.0	58.0
11.0	2.0	52.0
12.0	2.0	62.0
13.0	2.0	52.0
14.0	2.0	56.0
15.0	2.0	50.0
16.0	2.0	70.0
17.0	2.0	48.0
18.0	2.0	52.0
19.0	2.0	46.0
20.0	2.0	56.0
21.0	2.0	46.0
22.0	2.0	50.0
23.0	2.0	44.0
24.0	2.0	60.0
25.0	2.0	46.0
26.0	2.0	50.0
27.0	2.0	44.0
28.0	2.0	54.0
29.0	2.0	44.0
30.0	2.0	48.0
31.0	2.0	42.0
32.0	2.0	68.0
33.0	2.0	42.0
34.0	2.0	46.0
35.0	2.0	40.0
36.0	2.0	50.0
37.0	2.0	40.0
38.0	2.0	44.0
39.0	2.0	38.0
40.0	2.0	54.0
41.0	2.0	40.0
42.0	2.0	44.0
43.0	2.0	38.0
44.0	2.0	48.0
45.0	2.0	38.0
46.0	2.0	42.0
47.0	2.0	36.0
48.0	2.0	50.0
49.0	2.0	34.0
50.0	2.0	0.0

1.0	3.0	70.0
2.0	3.0	66.0
3.0	3.0	64.0
4.0	3.0	64.0
5.0	3.0	54.0
6.0	3.0	52.0
7.0	3.0	62.0
8.0	3.0	60.0
9.0	3.0	48.0
10.0	3.0	46.0
11.0	3.0	50.0
12.0	3.0	48.0
13.0	3.0	46.0
14.0	3.0	44.0
15.0	3.0	66.0
16.0	3.0	64.0
17.0	3.0	48.0
18.0	3.0	46.0
19.0	3.0	50.0
20.0	3.0	48.0
21.0	3.0	46.0
22.0	3.0	44.0
23.0	3.0	56.0
24.0	3.0	54.0
25.0	3.0	46.0
26.0	3.0	44.0
27.0	3.0	46.0
28.0	3.0	46.0
29.0	3.0	44.0
30.0	3.0	42.0
31.0	3.0	60.0
32.0	3.0	58.0
33.0	3.0	30.0
34.0	3.0	28.0
35.0	3.0	34.0
36.0	3.0	32.0
37.0	3.0	28.0
38.0	3.0	26.0
39.0	3.0	36.0
40.0	3.0	22.0
41.0	3.0	28.0
42.0	3.0	26.0
43.0	3.0	32.0
44.0	3.0	28.0
45.0	3.0	26.0
46.0	3.0	24.0
47.0	3.0	52.0
48.0	3.0	50.0
49.0	3.0	0.0
50.0	3.0	0.0

1.0	4.0	64.0
2.0	4.0	72.0
3.0	4.0	60.0
4.0	4.0	64.0
5.0	4.0	48.0
6.0	4.0	58.0
7.0	4.0	52.0
8.0	4.0	56.0
9.0	4.0	16.0
10.0	4.0	56.0
11.0	4.0	50.0
12.0	4.0	54.0
13.0	4.0	46.0
14.0	4.0	56.0
15.0	4.0	50.0
16.0	4.0	54.0
17.0	4.0	18.0
18.0	4.0	56.0
19.0	4.0	50.0
20.0	4.0	54.0
21.0	4.0	46.0
22.0	4.0	50.0
23.0	4.0	50.0
24.0	4.0	54.0
25.0	4.0	16.0
26.0	4.0	54.0
27.0	4.0	48.0
28.0	4.0	52.0
29.0	4.0	44.0
30.0	4.0	60.0
31.0	4.0	54.0
32.0	4.0	58.0
33.0	4.0	24.0
34.0	4.0	34.0
35.0	4.0	28.0
36.0	4.0	32.0
37.0	4.0	22.0
38.0	4.0	32.0
39.0	4.0	26.0
40.0	4.0	30.0
41.0	4.0	18.0
42.0	4.0	36.0
43.0	4.0	30.0
44.0	4.0	34.0
45.0	4.0	26.0
46.0	4.0	58.0
47.0	4.0	52.0
48.0	4.0	0.0
49.0	4.0	0.0
50.0	4.0	0.0

1.0	5.0	76.0
2.0	5.0	70.0
3.0	5.0	62.0
4.0	5.0	60.0
5.0	5.0	58.0
6.0	5.0	56.0
7.0	5.0	56.0
8.0	5.0	54.0
9.0	5.0	56.0
10.0	5.0	54.0
11.0	5.0	54.0
12.0	5.0	52.0
13.0	5.0	56.0
14.0	5.0	54.0
15.0	5.0	54.0
16.0	5.0	52.0
17.0	5.0	56.0
18.0	5.0	54.0
19.0	5.0	56.0
20.0	5.0	54.0
21.0	5.0	58.0
22.0	5.0	54.0
23.0	5.0	56.0
24.0	5.0	54.0
25.0	5.0	56.0
26.0	5.0	52.0
27.0	5.0	54.0
28.0	5.0	52.0
29.0	5.0	62.0
30.0	5.0	58.0
31.0	5.0	60.0
32.0	5.0	58.0
33.0	5.0	34.0
34.0	5.0	30.0
35.0	5.0	32.0
36.0	5.0	30.0
37.0	5.0	32.0
38.0	5.0	30.0
39.0	5.0	32.0
40.0	5.0	30.0
41.0	5.0	38.0
42.0	5.0	34.0
43.0	5.0	36.0
44.0	5.0	34.0
45.0	5.0	60.0
46.0	5.0	58.0
47.0	5.0	0.0
48.0	5.0	0.0
49.0	5.0	0.0
50.0	5.0	0.0

1.0	6.0	64.0
2.0	6.0	74.0
3.0	6.0	62.0
4.0	6.0	66.0
5.0	6.0	52.0
6.0	6.0	60.0
7.0	6.0	56.0
8.0	6.0	60.0
9.0	6.0	22.0
10.0	6.0	58.0
11.0	6.0	54.0
12.0	6.0	58.0
13.0	6.0	48.0
14.0	6.0	58.0
15.0	6.0	54.0
16.0	6.0	22.0
17.0	6.0	22.0
18.0	6.0	54.0
19.0	6.0	54.0
20.0	6.0	58.0
21.0	6.0	50.0
22.0	6.0	58.0
23.0	6.0	54.0
24.0	6.0	58.0
25.0	6.0	22.0
26.0	6.0	56.0
27.0	6.0	52.0
28.0	6.0	56.0
29.0	6.0	48.0
30.0	6.0	56.0
31.0	6.0	52.0
32.0	6.0	50.0
33.0	6.0	22.0
34.0	6.0	34.0
35.0	6.0	30.0
36.0	6.0	34.0
37.0	6.0	26.0
38.0	6.0	34.0
39.0	6.0	30.0
40.0	6.0	48.0
41.0	6.0	36.0
42.0	6.0	40.0
43.0	6.0	36.0
44.0	6.0	68.0
45.0	6.0	60.0
46.0	6.0	0.0
47.0	6.0	0.0
48.0	6.0	0.0
49.0	6.0	0.0
50.0	6.0	0.0

1.0	7.0	78.0
2.0	7.0	74.0
3.0	7.0	68.0
4.0	7.0	66.0
5.0	7.0	62.0
6.0	7.0	60.0
7.0	7.0	62.0
8.0	7.0	60.0
9.0	7.0	60.0
10.0	7.0	58.0
11.0	7.0	60.0
12.0	7.0	58.0
13.0	7.0	60.0
14.0	7.0	58.0
15.0	7.0	60.0
16.0	7.0	58.0
17.0	7.0	60.0
18.0	7.0	58.0
19.0	7.0	60.0
20.0	7.0	58.0
21.0	7.0	60.0
22.0	7.0	58.0
23.0	7.0	60.0
24.0	7.0	58.0
25.0	7.0	58.0
26.0	7.0	56.0
27.0	7.0	58.0
28.0	7.0	56.0
29.0	7.0	58.0
30.0	7.0	56.0
31.0	7.0	58.0
32.0	7.0	56.0
33.0	7.0	36.0
34.0	7.0	34.0
35.0	7.0	36.0
36.0	7.0	34.0
37.0	7.0	36.0
38.0	7.0	34.0
39.0	7.0	50.0
40.0	7.0	48.0
41.0	7.0	42.0
42.0	7.0	40.0
43.0	7.0	36.0
44.0	7.0	68.0
45.0	7.0	0.0
46.0	7.0	0.0
47.0	7.0	0.0
48.0	7.0	0.0
49.0	7.0	0.0
50.0	7.0	0.0

1.0	8.0	76.0
2.0	8.0	78.0
3.0	8.0	68.0
4.0	8.0	76.0
5.0	8.0	62.0
6.0	8.0	66.0
7.0	8.0	62.0
8.0	8.0	76.0
9.0	8.0	60.0
10.0	8.0	64.0
11.0	8.0	60.0
12.0	8.0	68.0
13.0	8.0	60.0
14.0	8.0	64.0
15.0	8.0	60.0
16.0	8.0	82.0
17.0	8.0	60.0
18.0	8.0	64.0
19.0	8.0	60.0
20.0	8.0	68.0
21.0	8.0	60.0
22.0	8.0	64.0
23.0	8.0	60.0
24.0	8.0	68.0
25.0	8.0	58.0
26.0	8.0	62.0
27.0	8.0	58.0
28.0	8.0	66.0
29.0	8.0	58.0
30.0	8.0	62.0
31.0	8.0	58.0
32.0	8.0	70.0
33.0	8.0	36.0
34.0	8.0	40.0
35.0	8.0	36.0
36.0	8.0	44.0
37.0	8.0	36.0
38.0	8.0	54.0
39.0	8.0	50.0
40.0	8.0	54.0
41.0	8.0	40.0
42.0	8.0	72.0
43.0	8.0	68.0
44.0	8.0	0.0
45.0	8.0	0.0
46.0	8.0	0.0
47.0	8.0	0.0
48.0	8.0	0.0
49.0	8.0	0.0
50.0	8.0	0.0

1.0	9.0	82.0
2.0	9.0	78.0
3.0	9.0	78.0
4.0	9.0	76.0
5.0	9.0	68.0
6.0	9.0	66.0
7.0	9.0	80.0
8.0	9.0	60.0
9.0	9.0	66.0
10.0	9.0	64.0
11.0	9.0	70.0
12.0	9.0	68.0
13.0	9.0	66.0
14.0	9.0	64.0
15.0	9.0	74.0
16.0	9.0	72.0
17.0	9.0	42.0
18.0	9.0	40.0
19.0	9.0	46.0
20.0	9.0	44.0
21.0	9.0	42.0
22.0	9.0	40.0
23.0	9.0	72.0
24.0	9.0	70.0
25.0	9.0	64.0
26.0	9.0	62.0
27.0	9.0	68.0
28.0	9.0	66.0
29.0	9.0	64.0
30.0	9.0	62.0
31.0	9.0	72.0
32.0	9.0	70.0
33.0	9.0	42.0
34.0	9.0	40.0
35.0	9.0	46.0
36.0	9.0	44.0
37.0	9.0	42.0
38.0	9.0	40.0
39.0	9.0	54.0
40.0	9.0	52.0
41.0	9.0	74.0
42.0	9.0	72.0
43.0	9.0	0.0
44.0	9.0	0.0
45.0	9.0	0.0
46.0	9.0	0.0
47.0	9.0	0.0
48.0	9.0	0.0
49.0	9.0	0.0
50.0	9.0	0.0

1.0	10.0	82.0
2.0	10.0	88.0
3.0	10.0	78.0
4.0	10.0	82.0
5.0	10.0	68.0
6.0	10.0	84.0
7.0	10.0	80.0
8.0	10.0	84.0
9.0	10.0	66.0
10.0	10.0	74.0
11.0	10.0	70.0
12.0	10.0	74.0
13.0	10.0	64.0
14.0	10.0	78.0
15.0	10.0	74.0
16.0	10.0	78.0
17.0	10.0	42.0
18.0	10.0	48.0
19.0	10.0	46.0
20.0	10.0	50.0
21.0	10.0	42.0
22.0	10.0	76.0
23.0	10.0	72.0
24.0	10.0	76.0
25.0	10.0	64.0
26.0	10.0	72.0
27.0	10.0	68.0
28.0	10.0	72.0
29.0	10.0	64.0
30.0	10.0	76.0
31.0	10.0	72.0
32.0	10.0	76.0
33.0	10.0	42.0
34.0	10.0	48.0
35.0	10.0	46.0
36.0	10.0	50.0
37.0	10.0	42.0
38.0	10.0	58.0
39.0	10.0	52.0
40.0	10.0	86.0
41.0	10.0	74.0
42.0	10.0	0.0
43.0	10.0	0.0
44.0	10.0	0.0
45.0	10.0	0.0
46.0	10.0	0.0
47.0	10.0	0.0
48.0	10.0	0.0
49.0	10.0	0.0
50.0	10.0	0.0

1.0	11.0	92.0
2.0	11.0	88.0
3.0	11.0	84.0
4.0	11.0	82.0
5.0	11.0	86.0
6.0	11.0	84.0
7.0	11.0	86.0
8.0	11.0	84.0
9.0	11.0	76.0
10.0	11.0	74.0
11.0	11.0	76.0
12.0	11.0	74.0
13.0	11.0	80.0
14.0	11.0	78.0
15.0	11.0	80.0
16.0	11.0	78.0
17.0	11.0	52.0
18.0	11.0	50.0
19.0	11.0	52.0
20.0	11.0	50.0
21.0	11.0	78.0
22.0	11.0	76.0
23.0	11.0	78.0
24.0	11.0	76.0
25.0	11.0	74.0
26.0	11.0	72.0
27.0	11.0	74.0
28.0	11.0	72.0
29.0	11.0	78.0
30.0	11.0	70.0
31.0	11.0	78.0
32.0	11.0	76.0
33.0	11.0	52.0
34.0	11.0	50.0
35.0	11.0	52.0
36.0	11.0	50.0
37.0	11.0	60.0
38.0	11.0	58.0
39.0	11.0	88.0
40.0	11.0	86.0
41.0	11.0	0.0
42.0	11.0	0.0
43.0	11.0	0.0
44.0	11.0	0.0
45.0	11.0	0.0
46.0	11.0	0.0
47.0	11.0	0.0
48.0	11.0	0.0
49.0	11.0	0.0
50.0	11.0	0.0

1.0	12.0	92.0
2.0	12.0	94.0
3.0	12.0	84.0
4.0	12.0	100.0
5.0	12.0	86.0
6.0	12.0	90.0
7.0	12.0	86.0
8.0	12.0	94.0
9.0	12.0	76.0
10.0	12.0	80.0
11.0	12.0	76.0
12.0	12.0	80.0
13.0	12.0	80.0
14.0	12.0	84.0
15.0	12.0	80.0
16.0	12.0	88.0
17.0	12.0	52.0
18.0	12.0	50.0
19.0	12.0	52.0
20.0	12.0	86.0
21.0	12.0	78.0
22.0	12.0	82.0
23.0	12.0	78.0
24.0	12.0	86.0
25.0	12.0	74.0
26.0	12.0	78.0
27.0	12.0	74.0
28.0	12.0	86.0
29.0	12.0	78.0
30.0	12.0	82.0
31.0	12.0	78.0
32.0	12.0	86.0
33.0	12.0	52.0
34.0	12.0	56.0
35.0	12.0	52.0
36.0	12.0	60.0
37.0	12.0	60.0
38.0	12.0	92.0
39.0	12.0	88.0
40.0	12.0	0.0
41.0	12.0	0.0
42.0	12.0	0.0
43.0	12.0	0.0
44.0	12.0	0.0
45.0	12.0	0.0
46.0	12.0	0.0
47.0	12.0	0.0
48.0	12.0	0.0
49.0	12.0	0.0
50.0	12.0	0.0

1.0	13.0	98.0
2.0	13.0	94.0
3.0	13.0	102.0
4.0	13.0	98.0
5.0	13.0	92.0
6.0	13.0	90.0
7.0	13.0	96.0
8.0	13.0	94.0
9.0	13.0	76.0
10.0	13.0	80.0
11.0	13.0	58.0
12.0	13.0	88.0
13.0	13.0	86.0
14.0	13.0	84.0
15.0	13.0	90.0
16.0	13.0	88.0
17.0	13.0	58.0
18.0	13.0	56.0
19.0	13.0	88.0
20.0	13.0	86.0
21.0	13.0	84.0
22.0	13.0	82.0
23.0	13.0	88.0
24.0	13.0	86.0
25.0	13.0	80.0
26.0	13.0	78.0
27.0	13.0	88.0
28.0	13.0	86.0
29.0	13.0	84.0
30.0	13.0	82.0
31.0	13.0	88.0
32.0	13.0	86.0
33.0	13.0	52.0
34.0	13.0	56.0
35.0	13.0	70.0
36.0	13.0	68.0
37.0	13.0	94.0
38.0	13.0	92.0
39.0	13.0	0.0
40.0	13.0	0.0
41.0	13.0	0.0
42.0	13.0	0.0
43.0	13.0	0.0
44.0	13.0	0.0
45.0	13.0	0.0
46.0	13.0	0.0
47.0	13.0	0.0
48.0	13.0	0.0
49.0	13.0	0.0
50.0	13.0	0.0

1.0	14.0	98.0
2.0	14.0	112.0
3.0	14.0	102.0
4.0	14.0	106.0
5.0	14.0	92.0
6.0	14.0	98.0
7.0	14.0	96.0
8.0	14.0	100.0
9.0	14.0	82.0
10.0	14.0	94.0
11.0	14.0	90.0
12.0	14.0	94.0
13.0	14.0	86.0
14.0	14.0	94.0
15.0	14.0	90.0
16.0	14.0	94.0
17.0	14.0	58.0
18.0	14.0	88.0
19.0	14.0	88.0
20.0	14.0	92.0
21.0	14.0	84.0
22.0	14.0	88.0
23.0	14.0	88.0
24.0	14.0	92.0
25.0	14.0	80.0
26.0	14.0	92.0
27.0	14.0	88.0
28.0	14.0	92.0
29.0	14.0	84.0
30.0	14.0	92.0
31.0	14.0	88.0
32.0	14.0	92.0
33.0	14.0	58.0
34.0	14.0	74.0
35.0	14.0	70.0
36.0	14.0	102.0
37.0	14.0	94.0
38.0	14.0	0.0
39.0	14.0	0.0
40.0	14.0	0.0
41.0	14.0	0.0
42.0	14.0	0.0
43.0	14.0	0.0
44.0	14.0	0.0
45.0	14.0	0.0
46.0	14.0	0.0
47.0	14.0	0.0
48.0	14.0	0.0
49.0	14.0	0.0
50.0	14.0	0.0

1.0	15.0	116.0
2.0	15.0	112.0
3.0	15.0	108.0
4.0	15.0	106.0
5.0	15.0	98.0
6.0	15.0	100.0
7.0	15.0	102.0
8.0	15.0	100.0
9.0	15.0	96.0
10.0	15.0	94.0
11.0	15.0	96.0
12.0	15.0	94.0
13.0	15.0	96.0
14.0	15.0	94.0
15.0	15.0	96.0
16.0	15.0	94.0
17.0	15.0	94.0
18.0	15.0	92.0
19.0	15.0	92.0
20.0	15.0	92.0
21.0	15.0	94.0
22.0	15.0	92.0
23.0	15.0	94.0
24.0	15.0	92.0
25.0	15.0	94.0
26.0	15.0	92.0
27.0	15.0	94.0
28.0	15.0	92.0
29.0	15.0	94.0
30.0	15.0	92.0
31.0	15.0	94.0
32.0	15.0	90.0
33.0	15.0	76.0
34.0	15.0	74.0
35.0	15.0	104.0
36.0	15.0	102.0
37.0	15.0	0.0
38.0	15.0	0.0
39.0	15.0	0.0
40.0	15.0	0.0
41.0	15.0	0.0
42.0	15.0	0.0
43.0	15.0	0.0
44.0	15.0	0.0
45.0	15.0	0.0
46.0	15.0	0.0
47.0	15.0	0.0
48.0	15.0	0.0
49.0	15.0	0.0
50.0	15.0	0.0

1.0	16.0	116.0
2.0	16.0	118.0
3.0	16.0	108.0
4.0	16.0	114.0
5.0	16.0	102.0
6.0	16.0	106.0
7.0	16.0	102.0
8.0	16.0	112.0
9.0	16.0	96.0
10.0	16.0	96.0
11.0	16.0	96.0
12.0	16.0	100.0
13.0	16.0	96.0
14.0	16.0	94.0
15.0	16.0	64.0
16.0	16.0	116.0
17.0	16.0	94.0
18.0	16.0	98.0
19.0	16.0	94.0
20.0	16.0	100.0
21.0	16.0	94.0
22.0	16.0	98.0
23.0	16.0	94.0
24.0	16.0	106.0
25.0	16.0	94.0
26.0	16.0	98.0
27.0	16.0	94.0
28.0	16.0	102.0
29.0	16.0	94.0
30.0	16.0	98.0
31.0	16.0	94.0
32.0	16.0	110.0
33.0	16.0	76.0
34.0	16.0	108.0
35.0	16.0	104.0
36.0	16.0	0.0
37.0	16.0	0.0
38.0	16.0	0.0
39.0	16.0	0.0
40.0	16.0	0.0
41.0	16.0	0.0
42.0	16.0	0.0
43.0	16.0	0.0
44.0	16.0	0.0
45.0	16.0	0.0
46.0	16.0	0.0
47.0	16.0	0.0
48.0	16.0	0.0
49.0	16.0	0.0
50.0	16.0	0.0

1.0	17.0	120.0
2.0	17.0	118.0
3.0	17.0	118.0
4.0	17.0	116.0
5.0	17.0	108.0
6.0	17.0	106.0
7.0	17.0	114.0
8.0	17.0	114.0
9.0	17.0	102.0
10.0	17.0	100.0
11.0	17.0	106.0
12.0	17.0	104.0
13.0	17.0	102.0
14.0	17.0	100.0
15.0	17.0	118.0
16.0	17.0	116.0
17.0	17.0	100.0
18.0	17.0	98.0
19.0	17.0	104.0
20.0	17.0	102.0
21.0	17.0	94.0
22.0	17.0	98.0
23.0	17.0	108.0
24.0	17.0	106.0
25.0	17.0	100.0
26.0	17.0	98.0
27.0	17.0	104.0
28.0	17.0	102.0
29.0	17.0	100.0
30.0	17.0	98.0
31.0	17.0	112.0
32.0	17.0	110.0
33.0	17.0	76.0
34.0	17.0	108.0
35.0	17.0	0.0
36.0	17.0	0.0
37.0	17.0	0.0
38.0	17.0	0.0
39.0	17.0	0.0
40.0	17.0	0.0
41.0	17.0	0.0
42.0	17.0	0.0
43.0	17.0	0.0
44.0	17.0	0.0
45.0	17.0	0.0
46.0	17.0	0.0
47.0	17.0	0.0
48.0	17.0	0.0
49.0	17.0	0.0
50.0	17.0	0.0

1.0	18.0	122.0
2.0	18.0	128.0
3.0	18.0	118.0
4.0	18.0	122.0
5.0	18.0	108.0
6.0	18.0	120.0
7.0	18.0	114.0
8.0	18.0	118.0
9.0	18.0	100.0
10.0	18.0	110.0
11.0	18.0	106.0
12.0	18.0	110.0
13.0	18.0	102.0
14.0	18.0	122.0
15.0	18.0	118.0
16.0	18.0	122.0
17.0	18.0	70.0
18.0	18.0	106.0
19.0	18.0	104.0
20.0	18.0	108.0
21.0	18.0	96.0
22.0	18.0	112.0
23.0	18.0	108.0
24.0	18.0	112.0
25.0	18.0	100.0
26.0	18.0	108.0
27.0	18.0	104.0
28.0	18.0	108.0
29.0	18.0	100.0
30.0	18.0	116.0
31.0	18.0	112.0
32.0	18.0	136.0
33.0	18.0	110.0
34.0	18.0	0.0
35.0	18.0	0.0
36.0	18.0	0.0
37.0	18.0	0.0
38.0	18.0	0.0
39.0	18.0	0.0
40.0	18.0	0.0
41.0	18.0	0.0
42.0	18.0	0.0
43.0	18.0	0.0
44.0	18.0	0.0
45.0	18.0	0.0
46.0	18.0	0.0
47.0	18.0	0.0
48.0	18.0	0.0
49.0	18.0	0.0
50.0	18.0	0.0

1.0	19.0	132.0
2.0	19.0	128.0
3.0	19.0	124.0
4.0	19.0	122.0
5.0	19.0	122.0
6.0	19.0	120.0
7.0	19.0	122.0
8.0	19.0	120.0
9.0	19.0	112.0
10.0	19.0	110.0
11.0	19.0	112.0
12.0	19.0	110.0
13.0	19.0	124.0
14.0	19.0	122.0
15.0	19.0	124.0
16.0	19.0	100.0
17.0	19.0	110.0
18.0	19.0	108.0
19.0	19.0	110.0
20.0	19.0	108.0
21.0	19.0	114.0
22.0	19.0	108.0
23.0	19.0	114.0
24.0	19.0	112.0
25.0	19.0	108.0
26.0	19.0	108.0
27.0	19.0	110.0
28.0	19.0	108.0
29.0	19.0	118.0
30.0	19.0	116.0
31.0	19.0	138.0
32.0	19.0	136.0
33.0	19.0	0.0
34.0	19.0	0.0
35.0	19.0	0.0
36.0	19.0	0.0
37.0	19.0	0.0
38.0	19.0	0.0
39.0	19.0	0.0
40.0	19.0	0.0
41.0	19.0	0.0
42.0	19.0	0.0
43.0	19.0	0.0
44.0	19.0	0.0
45.0	19.0	0.0
46.0	19.0	0.0
47.0	19.0	0.0
48.0	19.0	0.0
49.0	19.0	0.0
50.0	19.0	0.0

1.0	20.0	128.0
2.0	20.0	134.0
3.0	20.0	124.0
4.0	20.0	136.0
5.0	20.0	122.0
6.0	20.0	122.0
7.0	20.0	122.0
8.0	20.0	130.0
9.0	20.0	112.0
10.0	20.0	116.0
11.0	20.0	112.0
12.0	20.0	132.0
13.0	20.0	124.0
14.0	20.0	126.0
15.0	20.0	124.0
16.0	20.0	132.0
17.0	20.0	110.0
18.0	20.0	114.0
19.0	20.0	110.0
20.0	20.0	122.0
21.0	20.0	114.0
22.0	20.0	118.0
23.0	20.0	114.0
24.0	20.0	110.0
25.0	20.0	110.0
26.0	20.0	114.0
27.0	20.0	110.0
28.0	20.0	126.0
29.0	20.0	118.0
30.0	20.0	142.0
31.0	20.0	136.0
32.0	20.0	0.0
33.0	20.0	0.0
34.0	20.0	0.0
35.0	20.0	0.0
36.0	20.0	0.0
37.0	20.0	0.0
38.0	20.0	0.0
39.0	20.0	0.0
40.0	20.0	0.0
41.0	20.0	0.0
42.0	20.0	0.0
43.0	20.0	0.0
44.0	20.0	0.0
45.0	20.0	0.0
46.0	20.0	0.0
47.0	20.0	0.0
48.0	20.0	0.0
49.0	20.0	0.0
50.0	20.0	0.0

1.0	21.0	138.0
2.0	21.0	130.0
3.0	21.0	138.0
4.0	21.0	136.0
5.0	21.0	128.0
6.0	21.0	126.0
7.0	21.0	132.0
8.0	21.0	130.0
9.0	21.0	118.0
10.0	21.0	116.0
11.0	21.0	134.0
12.0	21.0	132.0
13.0	21.0	130.0
14.0	21.0	128.0
15.0	21.0	134.0
16.0	21.0	132.0
17.0	21.0	116.0
18.0	21.0	114.0
19.0	21.0	124.0
20.0	21.0	122.0
21.0	21.0	120.0
22.0	21.0	118.0
23.0	21.0	124.0
24.0	21.0	122.0
25.0	21.0	116.0
26.0	21.0	106.0
27.0	21.0	128.0
28.0	21.0	126.0
29.0	21.0	144.0
30.0	21.0	142.0
31.0	21.0	0.0
32.0	21.0	0.0
33.0	21.0	0.0
34.0	21.0	0.0
35.0	21.0	0.0
36.0	21.0	0.0
37.0	21.0	0.0
38.0	21.0	0.0
39.0	21.0	0.0
40.0	21.0	0.0
41.0	21.0	0.0
42.0	21.0	0.0
43.0	21.0	0.0
44.0	21.0	0.0
45.0	21.0	0.0
46.0	21.0	0.0
47.0	21.0	0.0
48.0	21.0	0.0
49.0	21.0	0.0
50.0	21.0	0.0

1.0	22.0	138.0
2.0	22.0	148.0
3.0	22.0	138.0
4.0	22.0	142.0
5.0	22.0	128.0
6.0	22.0	136.0
7.0	22.0	132.0
8.0	22.0	136.0
9.0	22.0	118.0
10.0	22.0	138.0
11.0	22.0	134.0
12.0	22.0	138.0
13.0	22.0	130.0
14.0	22.0	138.0
15.0	22.0	134.0
16.0	22.0	138.0
17.0	22.0	116.0
18.0	22.0	128.0
19.0	22.0	124.0
20.0	22.0	128.0
21.0	22.0	120.0
22.0	22.0	128.0
23.0	22.0	120.0
24.0	22.0	116.0
25.0	22.0	116.0
26.0	22.0	132.0
27.0	22.0	128.0
28.0	22.0	152.0
29.0	22.0	144.0
30.0	22.0	0.0
31.0	22.0	0.0
32.0	22.0	0.0
33.0	22.0	0.0
34.0	22.0	0.0
35.0	22.0	0.0
36.0	22.0	0.0
37.0	22.0	0.0
38.0	22.0	0.0
39.0	22.0	0.0
40.0	22.0	0.0
41.0	22.0	0.0
42.0	22.0	0.0
43.0	22.0	0.0
44.0	22.0	0.0
45.0	22.0	0.0
46.0	22.0	0.0
47.0	22.0	0.0
48.0	22.0	0.0
49.0	22.0	0.0
50.0	22.0	0.0

1.0	23.0	152.0
2.0	23.0	146.0
3.0	23.0	144.0
4.0	23.0	140.0
5.0	23.0	136.0
6.0	23.0	136.0
7.0	23.0	138.0
8.0	23.0	136.0
9.0	23.0	140.0
10.0	23.0	138.0
11.0	23.0	140.0
12.0	23.0	138.0
13.0	23.0	130.0
14.0	23.0	138.0
15.0	23.0	140.0
16.0	23.0	136.0
17.0	23.0	130.0
18.0	23.0	128.0
19.0	23.0	130.0
20.0	23.0	128.0
21.0	23.0	130.0
22.0	23.0	128.0
23.0	23.0	130.0
24.0	23.0	124.0
25.0	23.0	134.0
26.0	23.0	132.0
27.0	23.0	154.0
28.0	23.0	150.0
29.0	23.0	0.0
30.0	23.0	0.0
31.0	23.0	0.0
32.0	23.0	0.0
33.0	23.0	0.0
34.0	23.0	0.0
35.0	23.0	0.0
36.0	23.0	0.0
37.0	23.0	0.0
38.0	23.0	0.0
39.0	23.0	0.0
40.0	23.0	0.0
41.0	23.0	0.0
42.0	23.0	0.0
43.0	23.0	0.0
44.0	23.0	0.0
45.0	23.0	0.0
46.0	23.0	0.0
47.0	23.0	0.0
48.0	23.0	0.0
49.0	23.0	0.0
50.0	23.0	0.0

1.0	24.0	152.0
2.0	24.0	154.0
3.0	24.0	144.0
4.0	24.0	152.0
5.0	24.0	138.0
6.0	24.0	142.0
7.0	24.0	138.0
8.0	24.0	158.0
9.0	24.0	140.0
10.0	24.0	126.0
11.0	24.0	140.0
12.0	24.0	148.0
13.0	24.0	138.0
14.0	24.0	144.0
15.0	24.0	140.0
16.0	24.0	130.0
17.0	24.0	128.0
18.0	24.0	134.0
19.0	24.0	130.0
20.0	24.0	138.0
21.0	24.0	130.0
22.0	24.0	134.0
23.0	24.0	130.0
24.0	24.0	146.0
25.0	24.0	134.0
26.0	24.0	158.0
27.0	24.0	154.0
28.0	24.0	0.0
29.0	24.0	0.0
30.0	24.0	0.0
31.0	24.0	0.0
32.0	24.0	0.0
33.0	24.0	0.0
34.0	24.0	0.0
35.0	24.0	0.0
36.0	24.0	0.0
37.0	24.0	0.0
38.0	24.0	0.0
39.0	24.0	0.0
40.0	24.0	0.0
41.0	24.0	0.0
42.0	24.0	0.0
43.0	24.0	0.0
44.0	24.0	0.0
45.0	24.0	0.0
46.0	24.0	0.0
47.0	24.0	0.0
48.0	24.0	0.0
49.0	24.0	0.0
50.0	24.0	0.0

1.0	25.0	158.0
2.0	25.0	154.0
3.0	25.0	154.0
4.0	25.0	152.0
5.0	25.0	144.0
6.0	25.0	142.0
7.0	25.0	160.0
8.0	25.0	158.0
9.0	25.0	146.0
10.0	25.0	144.0
11.0	25.0	150.0
12.0	25.0	148.0
13.0	25.0	146.0
14.0	25.0	144.0
15.0	25.0	154.0
16.0	25.0	152.0
17.0	25.0	136.0
18.0	25.0	134.0
19.0	25.0	138.0
20.0	25.0	138.0
21.0	25.0	136.0
22.0	25.0	130.0
23.0	25.0	148.0
24.0	25.0	134.0
25.0	25.0	160.0
26.0	25.0	158.0
27.0	25.0	0.0
28.0	25.0	0.0
29.0	25.0	0.0
30.0	25.0	0.0
31.0	25.0	0.0
32.0	25.0	0.0
33.0	25.0	0.0
34.0	25.0	0.0
35.0	25.0	0.0
36.0	25.0	0.0
37.0	25.0	0.0
38.0	25.0	0.0
39.0	25.0	0.0
40.0	25.0	0.0
41.0	25.0	0.0
42.0	25.0	0.0
43.0	25.0	0.0
44.0	25.0	0.0
45.0	25.0	0.0
46.0	25.0	0.0
47.0	25.0	0.0
48.0	25.0	0.0
49.0	25.0	0.0
50.0	25.0	0.0

1.0	26.0	158.0
2.0	26.0	164.0
3.0	26.0	154.0
4.0	26.0	158.0
5.0	26.0	144.0
6.0	26.0	164.0
7.0	26.0	160.0
8.0	26.0	164.0
9.0	26.0	146.0
10.0	26.0	154.0
11.0	26.0	150.0
12.0	26.0	136.0
13.0	26.0	146.0
14.0	26.0	156.0
15.0	26.0	154.0
16.0	26.0	158.0
17.0	26.0	132.0
18.0	26.0	144.0
19.0	26.0	140.0
20.0	26.0	144.0
21.0	26.0	136.0
22.0	26.0	152.0
23.0	26.0	148.0
24.0	26.0	172.0
25.0	26.0	160.0
26.0	26.0	0.0
27.0	26.0	0.0
28.0	26.0	0.0
29.0	26.0	0.0
30.0	26.0	0.0
31.0	26.0	0.0
32.0	26.0	0.0
33.0	26.0	0.0
34.0	26.0	0.0
35.0	26.0	0.0
36.0	26.0	0.0
37.0	26.0	0.0
38.0	26.0	0.0
39.0	26.0	0.0
40.0	26.0	0.0
41.0	26.0	0.0
42.0	26.0	0.0
43.0	26.0	0.0
44.0	26.0	0.0
45.0	26.0	0.0
46.0	26.0	0.0
47.0	26.0	0.0
48.0	26.0	0.0
49.0	26.0	0.0
50.0	26.0	0.0

1.0	27.0	168.0
2.0	27.0	164.0
3.0	27.0	160.0
4.0	27.0	158.0
5.0	27.0	166.0
6.0	27.0	164.0
7.0	27.0	166.0
8.0	27.0	164.0
9.0	27.0	154.0
10.0	27.0	150.0
11.0	27.0	156.0
12.0	27.0	154.0
13.0	27.0	160.0
14.0	27.0	158.0
15.0	27.0	160.0
16.0	27.0	158.0
17.0	27.0	146.0
18.0	27.0	144.0
19.0	27.0	146.0
20.0	27.0	144.0
21.0	27.0	154.0
22.0	27.0	152.0
23.0	27.0	174.0
24.0	27.0	172.0
25.0	27.0	0.0
26.0	27.0	0.0
27.0	27.0	0.0
28.0	27.0	0.0
29.0	27.0	0.0
30.0	27.0	0.0
31.0	27.0	0.0
32.0	27.0	0.0
33.0	27.0	0.0
34.0	27.0	0.0
35.0	27.0	0.0
36.0	27.0	0.0
37.0	27.0	0.0
38.0	27.0	0.0
39.0	27.0	0.0
40.0	27.0	0.0
41.0	27.0	0.0
42.0	27.0	0.0
43.0	27.0	0.0
44.0	27.0	0.0
45.0	27.0	0.0
46.0	27.0	0.0
47.0	27.0	0.0
48.0	27.0	0.0
49.0	27.0	0.0
50.0	27.0	0.0

1.0	28.0	168.0
2.0	28.0	170.0
3.0	28.0	160.0
4.0	28.0	180.0
5.0	28.0	166.0
6.0	28.0	166.0
7.0	28.0	166.0
8.0	28.0	174.0
9.0	28.0	156.0
10.0	28.0	160.0
11.0	28.0	156.0
12.0	28.0	168.0
13.0	28.0	160.0
14.0	28.0	164.0
15.0	28.0	160.0
16.0	28.0	168.0
17.0	28.0	146.0
18.0	28.0	150.0
19.0	28.0	146.0
20.0	28.0	162.0
21.0	28.0	154.0
22.0	28.0	178.0
23.0	28.0	172.0
24.0	28.0	0.0
25.0	28.0	0.0
26.0	28.0	0.0
27.0	28.0	0.0
28.0	28.0	0.0
29.0	28.0	0.0
30.0	28.0	0.0
31.0	28.0	0.0
32.0	28.0	0.0
33.0	28.0	0.0
34.0	28.0	0.0
35.0	28.0	0.0
36.0	28.0	0.0
37.0	28.0	0.0
38.0	28.0	0.0
39.0	28.0	0.0
40.0	28.0	0.0
41.0	28.0	0.0
42.0	28.0	0.0
43.0	28.0	0.0
44.0	28.0	0.0
45.0	28.0	0.0
46.0	28.0	0.0
47.0	28.0	0.0
48.0	28.0	0.0
49.0	28.0	0.0
50.0	28.0	0.0

1.0	29.0	174.0
2.0	29.0	170.0
3.0	29.0	182.0
4.0	29.0	180.0
5.0	29.0	172.0
6.0	29.0	170.0
7.0	29.0	176.0
8.0	29.0	174.0
9.0	29.0	160.0
10.0	29.0	160.0
11.0	29.0	166.0
12.0	29.0	168.0
13.0	29.0	166.0
14.0	29.0	164.0
15.0	29.0	170.0
16.0	29.0	168.0
17.0	29.0	152.0
18.0	29.0	150.0
19.0	29.0	146.0
20.0	29.0	162.0
21.0	29.0	180.0
22.0	29.0	174.0
23.0	29.0	0.0
24.0	29.0	0.0
25.0	29.0	0.0
26.0	29.0	0.0
27.0	29.0	0.0
28.0	29.0	0.0
29.0	29.0	0.0
30.0	29.0	0.0
31.0	29.0	0.0
32.0	29.0	0.0
33.0	29.0	0.0
34.0	29.0	0.0
35.0	29.0	0.0
36.0	29.0	0.0
37.0	29.0	0.0
38.0	29.0	0.0
39.0	29.0	0.0
40.0	29.0	0.0
41.0	29.0	0.0
42.0	29.0	0.0
43.0	29.0	0.0
44.0	29.0	0.0
45.0	29.0	0.0
46.0	29.0	0.0
47.0	29.0	0.0
48.0	29.0	0.0
49.0	29.0	0.0
50.0	29.0	0.0

1.0	30.0	174.0
2.0	30.0	192.0
3.0	30.0	182.0
4.0	30.0	186.0
5.0	30.0	172.0
6.0	30.0	180.0
7.0	30.0	176.0
8.0	30.0	176.0
9.0	30.0	162.0
10.0	30.0	174.0
11.0	30.0	170.0
12.0	30.0	174.0
13.0	30.0	166.0
14.0	30.0	174.0
15.0	30.0	170.0
16.0	30.0	174.0
17.0	30.0	152.0
18.0	30.0	168.0
19.0	30.0	164.0
20.0	30.0	188.0
21.0	30.0	180.0
22.0	30.0	0.0
23.0	30.0	0.0
24.0	30.0	0.0
25.0	30.0	0.0
26.0	30.0	0.0
27.0	30.0	0.0
28.0	30.0	0.0
29.0	30.0	0.0
30.0	30.0	0.0
31.0	30.0	0.0
32.0	30.0	0.0
33.0	30.0	0.0
34.0	30.0	0.0
35.0	30.0	0.0
36.0	30.0	0.0
37.0	30.0	0.0
38.0	30.0	0.0
39.0	30.0	0.0
40.0	30.0	0.0
41.0	30.0	0.0
42.0	30.0	0.0
43.0	30.0	0.0
44.0	30.0	0.0
45.0	30.0	0.0
46.0	30.0	0.0
47.0	30.0	0.0
48.0	30.0	0.0
49.0	30.0	0.0
50.0	30.0	0.0

1.0	31.0	196.0
2.0	31.0	192.0
3.0	31.0	188.0
4.0	31.0	186.0
5.0	31.0	176.0
6.0	31.0	176.0
7.0	31.0	180.0
8.0	31.0	180.0
9.0	31.0	168.0
10.0	31.0	174.0
11.0	31.0	176.0
12.0	31.0	174.0
13.0	31.0	176.0
14.0	31.0	174.0
15.0	31.0	170.0
16.0	31.0	174.0
17.0	31.0	170.0
18.0	31.0	168.0
19.0	31.0	190.0
20.0	31.0	188.0
21.0	31.0	0.0
22.0	31.0	0.0
23.0	31.0	0.0
24.0	31.0	0.0
25.0	31.0	0.0
26.0	31.0	0.0
27.0	31.0	0.0
28.0	31.0	0.0
29.0	31.0	0.0
30.0	31.0	0.0
31.0	31.0	0.0
32.0	31.0	0.0
33.0	31.0	0.0
34.0	31.0	0.0
35.0	31.0	0.0
36.0	31.0	0.0
37.0	31.0	0.0
38.0	31.0	0.0
39.0	31.0	0.0
40.0	31.0	0.0
41.0	31.0	0.0
42.0	31.0	0.0
43.0	31.0	0.0
44.0	31.0	0.0
45.0	31.0	0.0
46.0	31.0	0.0
47.0	31.0	0.0
48.0	31.0	0.0
49.0	31.0	0.0
50.0	31.0	0.0

1.0	32.0	196.0
2.0	32.0	198.0
3.0	32.0	188.0
4.0	32.0	196.0
5.0	32.0	182.0
6.0	32.0	184.0
7.0	32.0	182.0
8.0	32.0	194.0
9.0	32.0	158.0
10.0	32.0	162.0
11.0	32.0	174.0
12.0	32.0	184.0
13.0	32.0	174.0
14.0	32.0	178.0
15.0	32.0	174.0
16.0	32.0	190.0
17.0	32.0	170.0
18.0	32.0	194.0
19.0	32.0	190.0
20.0	32.0	0.0
21.0	32.0	0.0
22.0	32.0	0.0
23.0	32.0	0.0
24.0	32.0	0.0
25.0	32.0	0.0
26.0	32.0	0.0
27.0	32.0	0.0
28.0	32.0	0.0
29.0	32.0	0.0
30.0	32.0	0.0
31.0	32.0	0.0
32.0	32.0	0.0
33.0	32.0	0.0
34.0	32.0	0.0
35.0	32.0	0.0
36.0	32.0	0.0
37.0	32.0	0.0
38.0	32.0	0.0
39.0	32.0	0.0
40.0	32.0	0.0
41.0	32.0	0.0
42.0	32.0	0.0
43.0	32.0	0.0
44.0	32.0	0.0
45.0	32.0	0.0
46.0	32.0	0.0
47.0	32.0	0.0
48.0	32.0	0.0
49.0	32.0	0.0
50.0	32.0	0.0

1.0	33.0	202.0
2.0	33.0	196.0
3.0	33.0	198.0
4.0	33.0	196.0
5.0	33.0	188.0
6.0	33.0	186.0
7.0	33.0	196.0
8.0	33.0	194.0
9.0	33.0	182.0
10.0	33.0	180.0
11.0	33.0	184.0
12.0	33.0	182.0
13.0	33.0	178.0
14.0	33.0	180.0
15.0	33.0	194.0
16.0	33.0	186.0
17.0	33.0	194.0
18.0	33.0	194.0
19.0	33.0	0.0
20.0	33.0	0.0
21.0	33.0	0.0
22.0	33.0	0.0
23.0	33.0	0.0
24.0	33.0	0.0
25.0	33.0	0.0
26.0	33.0	0.0
27.0	33.0	0.0
28.0	33.0	0.0
29.0	33.0	0.0
30.0	33.0	0.0
31.0	33.0	0.0
32.0	33.0	0.0
33.0	33.0	0.0
34.0	33.0	0.0
35.0	33.0	0.0
36.0	33.0	0.0
37.0	33.0	0.0
38.0	33.0	0.0
39.0	33.0	0.0
40.0	33.0	0.0
41.0	33.0	0.0
42.0	33.0	0.0
43.0	33.0	0.0
44.0	33.0	0.0
45.0	33.0	0.0
46.0	33.0	0.0
47.0	33.0	0.0
48.0	33.0	0.0
49.0	33.0	0.0
50.0	33.0	0.0

1.0	34.0	202.0
2.0	34.0	208.0
3.0	34.0	198.0
4.0	34.0	202.0
5.0	34.0	188.0
6.0	34.0	198.0
7.0	34.0	196.0
8.0	34.0	200.0
9.0	34.0	182.0
10.0	34.0	190.0
11.0	34.0	186.0
12.0	34.0	190.0
13.0	34.0	182.0
14.0	34.0	194.0
15.0	34.0	192.0
16.0	34.0	216.0
17.0	34.0	196.0
18.0	34.0	0.0
19.0	34.0	0.0
20.0	34.0	0.0
21.0	34.0	0.0
22.0	34.0	0.0
23.0	34.0	0.0
24.0	34.0	0.0
25.0	34.0	0.0
26.0	34.0	0.0
27.0	34.0	0.0
28.0	34.0	0.0
29.0	34.0	0.0
30.0	34.0	0.0
31.0	34.0	0.0
32.0	34.0	0.0
33.0	34.0	0.0
34.0	34.0	0.0
35.0	34.0	0.0
36.0	34.0	0.0
37.0	34.0	0.0
38.0	34.0	0.0
39.0	34.0	0.0
40.0	34.0	0.0
41.0	34.0	0.0
42.0	34.0	0.0
43.0	34.0	0.0
44.0	34.0	0.0
45.0	34.0	0.0
46.0	34.0	0.0
47.0	34.0	0.0
48.0	34.0	0.0
49.0	34.0	0.0
50.0	34.0	0.0

1.0	35.0	212.0
2.0	35.0	208.0
3.0	35.0	200.0
4.0	35.0	202.0
5.0	35.0	202.0
6.0	35.0	200.0
7.0	35.0	202.0
8.0	35.0	200.0
9.0	35.0	192.0
10.0	35.0	188.0
11.0	35.0	192.0
12.0	35.0	182.0
13.0	35.0	198.0
14.0	35.0	198.0
15.0	35.0	220.0
16.0	35.0	218.0
17.0	35.0	0.0
18.0	35.0	0.0
19.0	35.0	0.0
20.0	35.0	0.0
21.0	35.0	0.0
22.0	35.0	0.0
23.0	35.0	0.0
24.0	35.0	0.0
25.0	35.0	0.0
26.0	35.0	0.0
27.0	35.0	0.0
28.0	35.0	0.0
29.0	35.0	0.0
30.0	35.0	0.0
31.0	35.0	0.0
32.0	35.0	0.0
33.0	35.0	0.0
34.0	35.0	0.0
35.0	35.0	0.0
36.0	35.0	0.0
37.0	35.0	0.0
38.0	35.0	0.0
39.0	35.0	0.0
40.0	35.0	0.0
41.0	35.0	0.0
42.0	35.0	0.0
43.0	35.0	0.0
44.0	35.0	0.0
45.0	35.0	0.0
46.0	35.0	0.0
47.0	35.0	0.0
48.0	35.0	0.0
49.0	35.0	0.0
50.0	35.0	0.0

1.0	36.0	212.0
2.0	36.0	214.0
3.0	36.0	204.0
4.0	36.0	216.0
5.0	36.0	184.0
6.0	36.0	206.0
7.0	36.0	196.0
8.0	36.0	210.0
9.0	36.0	192.0
10.0	36.0	196.0
11.0	36.0	190.0
12.0	36.0	208.0
13.0	36.0	198.0
14.0	36.0	224.0
15.0	36.0	220.0
16.0	36.0	0.0
17.0	36.0	0.0
18.0	36.0	0.0
19.0	36.0	0.0
20.0	36.0	0.0
21.0	36.0	0.0
22.0	36.0	0.0
23.0	36.0	0.0
24.0	36.0	0.0
25.0	36.0	0.0
26.0	36.0	0.0
27.0	36.0	0.0
28.0	36.0	0.0
29.0	36.0	0.0
30.0	36.0	0.0
31.0	36.0	0.0
32.0	36.0	0.0
33.0	36.0	0.0
34.0	36.0	0.0
35.0	36.0	0.0
36.0	36.0	0.0
37.0	36.0	0.0
38.0	36.0	0.0
39.0	36.0	0.0
40.0	36.0	0.0
41.0	36.0	0.0
42.0	36.0	0.0
43.0	36.0	0.0
44.0	36.0	0.0
45.0	36.0	0.0
46.0	36.0	0.0
47.0	36.0	0.0
48.0	36.0	0.0
49.0	36.0	0.0
50.0	36.0	0.0

1.0	37.0	218.0
2.0	37.0	214.0
3.0	37.0	216.0
4.0	37.0	202.0
5.0	37.0	208.0
6.0	37.0	206.0
7.0	37.0	212.0
8.0	37.0	210.0
9.0	37.0	198.0
10.0	37.0	196.0
11.0	37.0	210.0
12.0	37.0	208.0
13.0	37.0	224.0
14.0	37.0	224.0
15.0	37.0	0.0
16.0	37.0	0.0
17.0	37.0	0.0
18.0	37.0	0.0
19.0	37.0	0.0
20.0	37.0	0.0
21.0	37.0	0.0
22.0	37.0	0.0
23.0	37.0	0.0
24.0	37.0	0.0
25.0	37.0	0.0
26.0	37.0	0.0
27.0	37.0	0.0
28.0	37.0	0.0
29.0	37.0	0.0
30.0	37.0	0.0
31.0	37.0	0.0
32.0	37.0	0.0
33.0	37.0	0.0
34.0	37.0	0.0
35.0	37.0	0.0
36.0	37.0	0.0
37.0	37.0	0.0
38.0	37.0	0.0
39.0	37.0	0.0
40.0	37.0	0.0
41.0	37.0	0.0
42.0	37.0	0.0
43.0	37.0	0.0
44.0	37.0	0.0
45.0	37.0	0.0
46.0	37.0	0.0
47.0	37.0	0.0
48.0	37.0	0.0
49.0	37.0	0.0
50.0	37.0	0.0

1.0	38.0	218.0
2.0	38.0	220.0
3.0	38.0	218.0
4.0	38.0	222.0
5.0	38.0	208.0
6.0	38.0	216.0
7.0	38.0	212.0
8.0	38.0	216.0
9.0	38.0	198.0
10.0	38.0	214.0
11.0	38.0	210.0
12.0	38.0	234.0
13.0	38.0	226.0
14.0	38.0	0.0
15.0	38.0	0.0
16.0	38.0	0.0
17.0	38.0	0.0
18.0	38.0	0.0
19.0	38.0	0.0
20.0	38.0	0.0
21.0	38.0	0.0
22.0	38.0	0.0
23.0	38.0	0.0
24.0	38.0	0.0
25.0	38.0	0.0
26.0	38.0	0.0
27.0	38.0	0.0
28.0	38.0	0.0
29.0	38.0	0.0
30.0	38.0	0.0
31.0	38.0	0.0
32.0	38.0	0.0
33.0	38.0	0.0
34.0	38.0	0.0
35.0	38.0	0.0
36.0	38.0	0.0
37.0	38.0	0.0
38.0	38.0	0.0
39.0	38.0	0.0
40.0	38.0	0.0
41.0	38.0	0.0
42.0	38.0	0.0
43.0	38.0	0.0
44.0	38.0	0.0
45.0	38.0	0.0
46.0	38.0	0.0
47.0	38.0	0.0
48.0	38.0	0.0
49.0	38.0	0.0
50.0	38.0	0.0

1.0	39.0	232.0
2.0	39.0	228.0
3.0	39.0	224.0
4.0	39.0	216.0
5.0	39.0	218.0
6.0	39.0	216.0
7.0	39.0	218.0
8.0	39.0	214.0
9.0	39.0	216.0
10.0	39.0	214.0
11.0	39.0	236.0
12.0	39.0	234.0
13.0	39.0	0.0
14.0	39.0	0.0
15.0	39.0	0.0
16.0	39.0	0.0
17.0	39.0	0.0
18.0	39.0	0.0
19.0	39.0	0.0
20.0	39.0	0.0
21.0	39.0	0.0
22.0	39.0	0.0
23.0	39.0	0.0
24.0	39.0	0.0
25.0	39.0	0.0
26.0	39.0	0.0
27.0	39.0	0.0
28.0	39.0	0.0
29.0	39.0	0.0
30.0	39.0	0.0
31.0	39.0	0.0
32.0	39.0	0.0
33.0	39.0	0.0
34.0	39.0	0.0
35.0	39.0	0.0
36.0	39.0	0.0
37.0	39.0	0.0
38.0	39.0	0.0
39.0	39.0	0.0
40.0	39.0	0.0
41.0	39.0	0.0
42.0	39.0	0.0
43.0	39.0	0.0
44.0	39.0	0.0
45.0	39.0	0.0
46.0	39.0	0.0
47.0	39.0	0.0
48.0	39.0	0.0
49.0	39.0	0.0
50.0	39.0	0.0

1.0	40.0	232.0
2.0	40.0	234.0
3.0	40.0	224.0
4.0	40.0	232.0
5.0	40.0	214.0
6.0	40.0	222.0
7.0	40.0	218.0
8.0	40.0	234.0
9.0	40.0	216.0
10.0	40.0	240.0
11.0	40.0	236.0
12.0	40.0	0.0
13.0	40.0	0.0
14.0	40.0	0.0
15.0	40.0	0.0
16.0	40.0	0.0
17.0	40.0	0.0
18.0	40.0	0.0
19.0	40.0	0.0
20.0	40.0	0.0
21.0	40.0	0.0
22.0	40.0	0.0
23.0	40.0	0.0
24.0	40.0	0.0
25.0	40.0	0.0
26.0	40.0	0.0
27.0	40.0	0.0
28.0	40.0	0.0
29.0	40.0	0.0
30.0	40.0	0.0
31.0	40.0	0.0
32.0	40.0	0.0
33.0	40.0	0.0
34.0	40.0	0.0
35.0	40.0	0.0
36.0	40.0	0.0
37.0	40.0	0.0
38.0	40.0	0.0
39.0	40.0	0.0
40.0	40.0	0.0
41.0	40.0	0.0
42.0	40.0	0.0
43.0	40.0	0.0
44.0	40.0	0.0
45.0	40.0	0.0
46.0	40.0	0.0
47.0	40.0	0.0
48.0	40.0	0.0
49.0	40.0	0.0
50.0	40.0	0.0

1.0	41.0	238.0
2.0	41.0	234.0
3.0	41.0	234.0
4.0	41.0	232.0
5.0	41.0	224.0
6.0	41.0	222.0
7.0	41.0	236.0
8.0	41.0	234.0
9.0	41.0	240.0
10.0	41.0	230.0
11.0	41.0	0.0
12.0	41.0	0.0
13.0	41.0	0.0
14.0	41.0	0.0
15.0	41.0	0.0
16.0	41.0	0.0
17.0	41.0	0.0
18.0	41.0	0.0
19.0	41.0	0.0
20.0	41.0	0.0
21.0	41.0	0.0
22.0	41.0	0.0
23.0	41.0	0.0
24.0	41.0	0.0
25.0	41.0	0.0
26.0	41.0	0.0
27.0	41.0	0.0
28.0	41.0	0.0
29.0	41.0	0.0
30.0	41.0	0.0
31.0	41.0	0.0
32.0	41.0	0.0
33.0	41.0	0.0
34.0	41.0	0.0
35.0	41.0	0.0
36.0	41.0	0.0
37.0	41.0	0.0
38.0	41.0	0.0
39.0	41.0	0.0
40.0	41.0	0.0
41.0	41.0	0.0
42.0	41.0	0.0
43.0	41.0	0.0
44.0	41.0	0.0
45.0	41.0	0.0
46.0	41.0	0.0
47.0	41.0	0.0
48.0	41.0	0.0
49.0	41.0	0.0
50.0	41.0	0.0

1.0	42.0	238.0
2.0	42.0	240.0
3.0	42.0	234.0
4.0	42.0	238.0
5.0	42.0	224.0
6.0	42.0	240.0
7.0	42.0	236.0
8.0	42.0	258.0
9.0	42.0	242.0
10.0	42.0	0.0
11.0	42.0	0.0
12.0	42.0	0.0
13.0	42.0	0.0
14.0	42.0	0.0
15.0	42.0	0.0
16.0	42.0	0.0
17.0	42.0	0.0
18.0	42.0	0.0
19.0	42.0	0.0
20.0	42.0	0.0
21.0	42.0	0.0
22.0	42.0	0.0
23.0	42.0	0.0
24.0	42.0	0.0
25.0	42.0	0.0
26.0	42.0	0.0
27.0	42.0	0.0
28.0	42.0	0.0
29.0	42.0	0.0
30.0	42.0	0.0
31.0	42.0	0.0
32.0	42.0	0.0
33.0	42.0	0.0
34.0	42.0	0.0
35.0	42.0	0.0
36.0	42.0	0.0
37.0	42.0	0.0
38.0	42.0	0.0
39.0	42.0	0.0
40.0	42.0	0.0
41.0	42.0	0.0
42.0	42.0	0.0
43.0	42.0	0.0
44.0	42.0	0.0
45.0	42.0	0.0
46.0	42.0	0.0
47.0	42.0	0.0
48.0	42.0	0.0
49.0	42.0	0.0
50.0	42.0	0.0

1.0	43.0	246.0
2.0	43.0	244.0
3.0	43.0	236.0
4.0	43.0	238.0
5.0	43.0	240.0
6.0	43.0	236.0
7.0	43.0	262.0
8.0	43.0	260.0
9.0	43.0	0.0
10.0	43.0	0.0
11.0	43.0	0.0
12.0	43.0	0.0
13.0	43.0	0.0
14.0	43.0	0.0
15.0	43.0	0.0
16.0	43.0	0.0
17.0	43.0	0.0
18.0	43.0	0.0
19.0	43.0	0.0
20.0	43.0	0.0
21.0	43.0	0.0
22.0	43.0	0.0
23.0	43.0	0.0
24.0	43.0	0.0
25.0	43.0	0.0
26.0	43.0	0.0
27.0	43.0	0.0
28.0	43.0	0.0
29.0	43.0	0.0
30.0	43.0	0.0
31.0	43.0	0.0
32.0	43.0	0.0
33.0	43.0	0.0
34.0	43.0	0.0
35.0	43.0	0.0
36.0	43.0	0.0
37.0	43.0	0.0
38.0	43.0	0.0
39.0	43.0	0.0
40.0	43.0	0.0
41.0	43.0	0.0
42.0	43.0	0.0
43.0	43.0	0.0
44.0	43.0	0.0
45.0	43.0	0.0
46.0	43.0	0.0
47.0	43.0	0.0
48.0	43.0	0.0
49.0	43.0	0.0
50.0	43.0	0.0

1.0	44.0	248.0
2.0	44.0	250.0
3.0	44.0	240.0
4.0	44.0	256.0
5.0	44.0	242.0
6.0	44.0	266.0
7.0	44.0	262.0
8.0	44.0	0.0
9.0	44.0	0.0
10.0	44.0	0.0
11.0	44.0	0.0
12.0	44.0	0.0
13.0	44.0	0.0
14.0	44.0	0.0
15.0	44.0	0.0
16.0	44.0	0.0
17.0	44.0	0.0
18.0	44.0	0.0
19.0	44.0	0.0
20.0	44.0	0.0
21.0	44.0	0.0
22.0	44.0	0.0
23.0	44.0	0.0
24.0	44.0	0.0
25.0	44.0	0.0
26.0	44.0	0.0
27.0	44.0	0.0
28.0	44.0	0.0
29.0	44.0	0.0
30.0	44.0	0.0
31.0	44.0	0.0
32.0	44.0	0.0
33.0	44.0	0.0
34.0	44.0	0.0
35.0	44.0	0.0
36.0	44.0	0.0
37.0	44.0	0.0
38.0	44.0	0.0
39.0	44.0	0.0
40.0	44.0	0.0
41.0	44.0	0.0
42.0	44.0	0.0
43.0	44.0	0.0
44.0	44.0	0.0
45.0	44.0	0.0
46.0	44.0	0.0
47.0	44.0	0.0
48.0	44.0	0.0
49.0	44.0	0.0
50.0	44.0	0.0

1.0	45.0	254.0
2.0	45.0	250.0
3.0	45.0	258.0
4.0	45.0	256.0
5.0	45.0	268.0
6.0	45.0	266.0
7.0	45.0	0.0
8.0	45.0	0.0
9.0	45.0	0.0
10.0	45.0	0.0
11.0	45.0	0.0
12.0	45.0	0.0
13.0	45.0	0.0
14.0	45.0	0.0
15.0	45.0	0.0
16.0	45.0	0.0
17.0	45.0	0.0
18.0	45.0	0.0
19.0	45.0	0.0
20.0	45.0	0.0
21.0	45.0	0.0
22.0	45.0	0.0
23.0	45.0	0.0
24.0	45.0	0.0
25.0	45.0	0.0
26.0	45.0	0.0
27.0	45.0	0.0
28.0	45.0	0.0
29.0	45.0	0.0
30.0	45.0	0.0
31.0	45.0	0.0
32.0	45.0	0.0
33.0	45.0	0.0
34.0	45.0	0.0
35.0	45.0	0.0
36.0	45.0	0.0
37.0	45.0	0.0
38.0	45.0	0.0
39.0	45.0	0.0
40.0	45.0	0.0
41.0	45.0	0.0
42.0	45.0	0.0
43.0	45.0	0.0
44.0	45.0	0.0
45.0	45.0	0.0
46.0	45.0	0.0
47.0	45.0	0.0
48.0	45.0	0.0
49.0	45.0	0.0
50.0	45.0	0.0

1.0	46.0	254.0
2.0	46.0	268.0
3.0	46.0	258.0
4.0	46.0	282.0
5.0	46.0	268.0
6.0	46.0	0.0
7.0	46.0	0.0
8.0	46.0	0.0
9.0	46.0	0.0
10.0	46.0	0.0
11.0	46.0	0.0
12.0	46.0	0.0
13.0	46.0	0.0
14.0	46.0	0.0
15.0	46.0	0.0
16.0	46.0	0.0
17.0	46.0	0.0
18.0	46.0	0.0
19.0	46.0	0.0
20.0	46.0	0.0
21.0	46.0	0.0
22.0	46.0	0.0
23.0	46.0	0.0
24.0	46.0	0.0
25.0	46.0	0.0
26.0	46.0	0.0
27.0	46.0	0.0
28.0	46.0	0.0
29.0	46.0	0.0
30.0	46.0	0.0
31.0	46.0	0.0
32.0	46.0	0.0
33.0	46.0	0.0
34.0	46.0	0.0
35.0	46.0	0.0
36.0	46.0	0.0
37.0	46.0	0.0
38.0	46.0	0.0
39.0	46.0	0.0
40.0	46.0	0.0
41.0	46.0	0.0
42.0	46.0	0.0
43.0	46.0	0.0
44.0	46.0	0.0
45.0	46.0	0.0
46.0	46.0	0.0
47.0	46.0	0.0
48.0	46.0	0.0
49.0	46.0	0.0
50.0	46.0	0.0

1.0	47.0	272.0
2.0	47.0	268.0
3.0	47.0	284.0
4.0	47.0	282.0
5.0	47.0	0.0
6.0	47.0	0.0
7.0	47.0	0.0
8.0	47.0	0.0
9.0	47.0	0.0
10.0	47.0	0.0
11.0	47.0	0.0
12.0	47.0	0.0
13.0	47.0	0.0
14.0	47.0	0.0
15.0	47.0	0.0
16.0	47.0	0.0
17.0	47.0	0.0
18.0	47.0	0.0
19.0	47.0	0.0
20.0	47.0	0.0
21.0	47.0	0.0
22.0	47.0	0.0
23.0	47.0	0.0
24.0	47.0	0.0
25.0	47.0	0.0
26.0	47.0	0.0
27.0	47.0	0.0
28.0	47.0	0.0
29.0	47.0	0.0
30.0	47.0	0.0
31.0	47.0	0.0
32.0	47.0	0.0
33.0	47.0	0.0
34.0	47.0	0.0
35.0	47.0	0.0
36.0	47.0	0.0
37.0	47.0	0.0
38.0	47.0	0.0
39.0	47.0	0.0
40.0	47.0	0.0
41.0	47.0	0.0
42.0	47.0	0.0
43.0	47.0	0.0
44.0	47.0	0.0
45.0	47.0	0.0
46.0	47.0	0.0
47.0	47.0	0.0
48.0	47.0	0.0
49.0	47.0	0.0
50.0	47.0	0.0

1.0	48.0	272.0
2.0	48.0	294.0
3.0	48.0	282.0
4.0	48.0	0.0
5.0	48.0	0.0
6.0	48.0	0.0
7.0	48.0	0.0
8.0	48.0	0.0
9.0	48.0	0.0
10.0	48.0	0.0
11.0	48.0	0.0
12.0	48.0	0.0
13.0	48.0	0.0
14.0	48.0	0.0
15.0	48.0	0.0
16.0	48.0	0.0
17.0	48.0	0.0
18.0	48.0	0.0
19.0	48.0	0.0
20.0	48.0	0.0
21.0	48.0	0.0
22.0	48.0	0.0
23.0	48.0	0.0
24.0	48.0	0.0
25.0	48.0	0.0
26.0	48.0	0.0
27.0	48.0	0.0
28.0	48.0	0.0
29.0	48.0	0.0
30.0	48.0	0.0
31.0	48.0	0.0
32.0	48.0	0.0
33.0	48.0	0.0
34.0	48.0	0.0
35.0	48.0	0.0
36.0	48.0	0.0
37.0	48.0	0.0
38.0	48.0	0.0
39.0	48.0	0.0
40.0	48.0	0.0
41.0	48.0	0.0
42.0	48.0	0.0
43.0	48.0	0.0
44.0	48.0	0.0
45.0	48.0	0.0
46.0	48.0	0.0
47.0	48.0	0.0
48.0	48.0	0.0
49.0	48.0	0.0
50.0	48.0	0.0

1.0	49.0	294.0
2.0	49.0	294.0
3.0	49.0	0.0
4.0	49.0	0.0
5.0	49.0	0.0
6.0	49.0	0.0
7.0	49.0	0.0
8.0	49.0	0.0
9.0	49.0	0.0
10.0	49.0	0.0
11.0	49.0	0.0
12.0	49.0	0.0
13.0	49.0	0.0
14.0	49.0	0.0
15.0	49.0	0.0
16.0	49.0	0.0
17.0	49.0	0.0
18.0	49.0	0.0
19.0	49.0	0.0
20.0	49.0	0.0
21.0	49.0	0.0
22.0	49.0	0.0
23.0	49.0	0.0
24.0	49.0	0.0
25.0	49.0	0.0
26.0	49.0	0.0
27.0	49.0	0.0
28.0	49.0	0.0
29.0	49.0	0.0
30.0	49.0	0.0
31.0	49.0	0.0
32.0	49.0	0.0
33.0	49.0	0.0
34.0	49.0	0.0
35.0	49.0	0.0
36.0	49.0	0.0
37.0	49.0	0.0
38.0	49.0	0.0
39.0	49.0	0.0
40.0	49.0	0.0
41.0	49.0	0.0
42.0	49.0	0.0
43.0	49.0	0.0
44.0	49.0	0.0
45.0	49.0	0.0
46.0	49.0	0.0
47.0	49.0	0.0
48.0	49.0	0.0
49.0	49.0	0.0
50.0	49.0	0.0

1.0	50.0	298.0
2.0	50.0	0.0
3.0	50.0	0.0
4.0	50.0	0.0
5.0	50.0	0.0
6.0	50.0	0.0
7.0	50.0	0.0
8.0	50.0	0.0
9.0	50.0	0.0
10.0	50.0	0.0
11.0	50.0	0.0
12.0	50.0	0.0
13.0	50.0	0.0
14.0	50.0	0.0
15.0	50.0	0.0
16.0	50.0	0.0
17.0	50.0	0.0
18.0	50.0	0.0
19.0	50.0	0.0
20.0	50.0	0.0
21.0	50.0	0.0
22.0	50.0	0.0
23.0	50.0	0.0
24.0	50.0	0.0
25.0	50.0	0.0
26.0	50.0	0.0
27.0	50.0	0.0
28.0	50.0	0.0
29.0	50.0	0.0
30.0	50.0	0.0
31.0	50.0	0.0
32.0	50.0	0.0
33.0	50.0	0.0
34.0	50.0	0.0
35.0	50.0	0.0
36.0	50.0	0.0
37.0	50.0	0.0
38.0	50.0	0.0
39.0	50.0	0.0
40.0	50.0	0.0
41.0	50.0	0.0
42.0	50.0	0.0
43.0	50.0	0.0
44.0	50.0	0.0
45.0	50.0	0.0
46.0	50.0	0.0
47.0	50.0	0.0
48.0	50.0	0.0
49.0	50.0	0.0
50.0	50.0	0.0


