Length	Start	data
1.0	1.0	3914.0
2.0	1.0	378.0
3.0	1.0	3569.0
4.0	1.0	3131.0
5.0	1.0	1397.0
6.0	1.0	1338.0
7.0	1.0	1314.0
8.0	1.0	1161.0
9.0	1.0	1915.0
10.0	1.0	928.0
11.0	1.0	880.0
12.0	1.0	667.0
13.0	1.0	397.0
14.0	1.0	937.0
15.0	1.0	606.0
16.0	1.0	450.0
17.0	1.0	305.0
18.0	1.0	220.0
19.0	1.0	537.0
20.0	1.0	399.0
21.0	1.0	325.0
22.0	1.0	316.0
23.0	1.0	382.0
24.0	1.0	419.0
25.0	1.0	414.0
26.0	1.0	329.0
27.0	1.0	326.0
28.0	1.0	343.0
29.0	1.0	377.0
30.0	1.0	194.0
31.0	1.0	297.0
32.0	1.0	268.0
33.0	1.0	285.0
34.0	1.0	170.0
35.0	1.0	294.0
36.0	1.0	248.0
37.0	1.0	302.0
38.0	1.0	224.0
39.0	1.0	203.0
40.0	1.0	284.0
41.0	1.0	250.0
42.0	1.0	179.0
43.0	1.0	281.0
44.0	1.0	176.0
45.0	1.0	275.0
46.0	1.0	149.0
47.0	1.0	149.0
48.0	1.0	170.0
49.0	1.0	139.0
50.0	1.0	179.0

1.0	2.0	4604.0
2.0	2.0	3397.0
3.0	2.0	3112.0
4.0	2.0	3058.0
5.0	2.0	566.0
6.0	2.0	2402.0
7.0	2.0	1838.0
8.0	2.0	1382.0
9.0	2.0	402.0
10.0	2.0	1216.0
11.0	2.0	1182.0
12.0	2.0	932.0
13.0	2.0	608.0
14.0	2.0	1042.0
15.0	2.0	731.0
16.0	2.0	734.0
17.0	2.0	691.0
18.0	2.0	872.0
19.0	2.0	452.0
20.0	2.0	730.0
21.0	2.0	694.0
22.0	2.0	462.0
23.0	2.0	440.0
24.0	2.0	483.0
25.0	2.0	564.0
26.0	2.0	502.0
27.0	2.0	477.0
28.0	2.0	690.0
29.0	2.0	501.0
30.0	2.0	517.0
31.0	2.0	320.0
32.0	2.0	424.0
33.0	2.0	498.0
34.0	2.0	396.0
35.0	2.0	363.0
36.0	2.0	441.0
37.0	2.0	306.0
38.0	2.0	268.0
39.0	2.0	167.0
40.0	2.0	347.0
41.0	2.0	297.0
42.0	2.0	389.0
43.0	2.0	342.0
44.0	2.0	247.0
45.0	2.0	118.0
46.0	2.0	243.0
47.0	2.0	306.0
48.0	2.0	301.0
49.0	2.0	282.0
50.0	2.0	0.0

1.0	3.0	4084.0
2.0	3.0	3459.0
3.0	3.0	2524.0
4.0	3.0	2341.0
5.0	3.0	1775.0
6.0	3.0	2366.0
7.0	3.0	2192.0
8.0	3.0	1953.0
9.0	3.0	1905.0
10.0	3.0	1766.0
11.0	3.0	1709.0
12.0	3.0	1582.0
13.0	3.0	1413.0
14.0	3.0	1284.0
15.0	3.0	1161.0
16.0	3.0	1031.0
17.0	3.0	1031.0
18.0	3.0	972.0
19.0	3.0	976.0
20.0	3.0	1008.0
21.0	3.0	927.0
22.0	3.0	937.0
23.0	3.0	786.0
24.0	3.0	795.0
25.0	3.0	536.0
26.0	3.0	454.0
27.0	3.0	592.0
28.0	3.0	287.0
29.0	3.0	646.0
30.0	3.0	285.0
31.0	3.0	440.0
32.0	3.0	426.0
33.0	3.0	437.0
34.0	3.0	321.0
35.0	3.0	298.0
36.0	3.0	527.0
37.0	3.0	282.0
38.0	3.0	256.0
39.0	3.0	379.0
40.0	3.0	274.0
41.0	3.0	267.0
42.0	3.0	421.0
43.0	3.0	372.0
44.0	3.0	182.0
45.0	3.0	292.0
46.0	3.0	261.0
47.0	3.0	303.0
48.0	3.0	212.0
49.0	3.0	0.0
50.0	3.0	0.0

1.0	4.0	4044.0
2.0	4.0	3476.0
3.0	4.0	2835.0
4.0	4.0	2737.0
5.0	4.0	1876.0
6.0	4.0	2299.0
7.0	4.0	1872.0
8.0	4.0	2172.0
9.0	4.0	2044.0
10.0	4.0	1827.0
11.0	4.0	1912.0
12.0	4.0	1627.0
13.0	4.0	1595.0
14.0	4.0	1037.0
15.0	4.0	1528.0
16.0	4.0	1070.0
17.0	4.0	686.0
18.0	4.0	1197.0
19.0	4.0	948.0
20.0	4.0	1131.0
21.0	4.0	995.0
22.0	4.0	1070.0
23.0	4.0	736.0
24.0	4.0	882.0
25.0	4.0	891.0
26.0	4.0	888.0
27.0	4.0	894.0
28.0	4.0	1077.0
29.0	4.0	709.0
30.0	4.0	1009.0
31.0	4.0	588.0
32.0	4.0	638.0
33.0	4.0	828.0
34.0	4.0	674.0
35.0	4.0	805.0
36.0	4.0	824.0
37.0	4.0	657.0
38.0	4.0	268.0
39.0	4.0	475.0
40.0	4.0	303.0
41.0	4.0	443.0
42.0	4.0	382.0
43.0	4.0	465.0
44.0	4.0	368.0
45.0	4.0	378.0
46.0	4.0	370.0
47.0	4.0	251.0
48.0	4.0	0.0
49.0	4.0	0.0
50.0	4.0	0.0

1.0	5.0	4084.0
2.0	5.0	3553.0
3.0	5.0	3389.0
4.0	5.0	3190.0
5.0	5.0	2704.0
6.0	5.0	2656.0
7.0	5.0	2655.0
8.0	5.0	2065.0
9.0	5.0	2460.0
10.0	5.0	2315.0
11.0	5.0	2023.0
12.0	5.0	2228.0
13.0	5.0	2269.0
14.0	5.0	1868.0
15.0	5.0	1892.0
16.0	5.0	1699.0
17.0	5.0	1612.0
18.0	5.0	1381.0
19.0	5.0	1688.0
20.0	5.0	1386.0
21.0	5.0	1173.0
22.0	5.0	1283.0
23.0	5.0	1516.0
24.0	5.0	1087.0
25.0	5.0	1115.0
26.0	5.0	1142.0
27.0	5.0	1112.0
28.0	5.0	1099.0
29.0	5.0	1084.0
30.0	5.0	1002.0
31.0	5.0	955.0
32.0	5.0	981.0
33.0	5.0	815.0
34.0	5.0	760.0
35.0	5.0	817.0
36.0	5.0	864.0
37.0	5.0	732.0
38.0	5.0	831.0
39.0	5.0	778.0
40.0	5.0	729.0
41.0	5.0	696.0
42.0	5.0	736.0
43.0	5.0	573.0
44.0	5.0	519.0
45.0	5.0	572.0
46.0	5.0	569.0
47.0	5.0	0.0
48.0	5.0	0.0
49.0	5.0	0.0
50.0	5.0	0.0

1.0	6.0	4024.0
2.0	6.0	3684.0
3.0	6.0	3503.0
4.0	6.0	3135.0
5.0	6.0	2468.0
6.0	6.0	2200.0
7.0	6.0	2670.0
8.0	6.0	2215.0
9.0	6.0	1987.0
10.0	6.0	2140.0
11.0	6.0	1899.0
12.0	6.0	2074.0
13.0	6.0	2009.0
14.0	6.0	1793.0
15.0	6.0	1481.0
16.0	6.0	1688.0
17.0	6.0	1265.0
18.0	6.0	1157.0
19.0	6.0	1259.0
20.0	6.0	657.0
21.0	6.0	746.0
22.0	6.0	451.0
23.0	6.0	525.0
24.0	6.0	799.0
25.0	6.0	173.0
26.0	6.0	172.0
27.0	6.0	70.0
28.0	6.0	247.0
29.0	6.0	200.0
30.0	6.0	269.0
31.0	6.0	174.0
32.0	6.0	115.0
33.0	6.0	224.0
34.0	6.0	180.0
35.0	6.0	189.0
36.0	6.0	179.0
37.0	6.0	215.0
38.0	6.0	252.0
39.0	6.0	162.0
40.0	6.0	160.0
41.0	6.0	218.0
42.0	6.0	149.0
43.0	6.0	188.0
44.0	6.0	155.0
45.0	6.0	109.0
46.0	6.0	0.0
47.0	6.0	0.0
48.0	6.0	0.0
49.0	6.0	0.0
50.0	6.0	0.0

1.0	7.0	4179.0
2.0	7.0	4248.0
3.0	7.0	3591.0
4.0	7.0	3489.0
5.0	7.0	3007.0
6.0	7.0	2944.0
7.0	7.0	2753.0
8.0	7.0	2543.0
9.0	7.0	2225.0
10.0	7.0	2186.0
11.0	7.0	2082.0
12.0	7.0	1981.0
13.0	7.0	1684.0
14.0	7.0	1467.0
15.0	7.0	1674.0
16.0	7.0	1429.0
17.0	7.0	1453.0
18.0	7.0	173.0
19.0	7.0	148.0
20.0	7.0	194.0
21.0	7.0	211.0
22.0	7.0	207.0
23.0	7.0	205.0
24.0	7.0	219.0
25.0	7.0	164.0
26.0	7.0	222.0
27.0	7.0	253.0
28.0	7.0	184.0
29.0	7.0	206.0
30.0	7.0	176.0
31.0	7.0	172.0
32.0	7.0	211.0
33.0	7.0	145.0
34.0	7.0	160.0
35.0	7.0	183.0
36.0	7.0	152.0
37.0	7.0	118.0
38.0	7.0	171.0
39.0	7.0	149.0
40.0	7.0	106.0
41.0	7.0	126.0
42.0	7.0	98.0
43.0	7.0	94.0
44.0	7.0	129.0
45.0	7.0	0.0
46.0	7.0	0.0
47.0	7.0	0.0
48.0	7.0	0.0
49.0	7.0	0.0
50.0	7.0	0.0

1.0	8.0	4269.0
2.0	8.0	3375.0
3.0	8.0	3040.0
4.0	8.0	2856.0
5.0	8.0	2854.0
6.0	8.0	2840.0
7.0	8.0	2740.0
8.0	8.0	2518.0
9.0	8.0	2392.0
10.0	8.0	2453.0
11.0	8.0	1585.0
12.0	8.0	2208.0
13.0	8.0	1976.0
14.0	8.0	1841.0
15.0	8.0	1814.0
16.0	8.0	1800.0
17.0	8.0	296.0
18.0	8.0	492.0
19.0	8.0	359.0
20.0	8.0	258.0
21.0	8.0	163.0
22.0	8.0	230.0
23.0	8.0	356.0
24.0	8.0	197.0
25.0	8.0	168.0
26.0	8.0	271.0
27.0	8.0	161.0
28.0	8.0	217.0
29.0	8.0	425.0
30.0	8.0	226.0
31.0	8.0	325.0
32.0	8.0	314.0
33.0	8.0	337.0
34.0	8.0	334.0
35.0	8.0	360.0
36.0	8.0	194.0
37.0	8.0	258.0
38.0	8.0	361.0
39.0	8.0	92.0
40.0	8.0	232.0
41.0	8.0	192.0
42.0	8.0	160.0
43.0	8.0	175.0
44.0	8.0	0.0
45.0	8.0	0.0
46.0	8.0	0.0
47.0	8.0	0.0
48.0	8.0	0.0
49.0	8.0	0.0
50.0	8.0	0.0

1.0	9.0	3789.0
2.0	9.0	3406.0
3.0	9.0	2511.0
4.0	9.0	3111.0
5.0	9.0	3002.0
6.0	9.0	2997.0
7.0	9.0	2183.0
8.0	9.0	2565.0
9.0	9.0	2000.0
10.0	9.0	2254.0
11.0	9.0	2286.0
12.0	9.0	2063.0
13.0	9.0	1462.0
14.0	9.0	1289.0
15.0	9.0	1296.0
16.0	9.0	1377.0
17.0	9.0	1404.0
18.0	9.0	955.0
19.0	9.0	959.0
20.0	9.0	1129.0
21.0	9.0	666.0
22.0	9.0	726.0
23.0	9.0	695.0
24.0	9.0	828.0
25.0	9.0	109.0
26.0	9.0	135.0
27.0	9.0	152.0
28.0	9.0	112.0
29.0	9.0	141.0
30.0	9.0	188.0
31.0	9.0	166.0
32.0	9.0	157.0
33.0	9.0	168.0
34.0	9.0	142.0
35.0	9.0	173.0
36.0	9.0	139.0
37.0	9.0	137.0
38.0	9.0	111.0
39.0	9.0	148.0
40.0	9.0	165.0
41.0	9.0	98.0
42.0	9.0	160.0
43.0	9.0	0.0
44.0	9.0	0.0
45.0	9.0	0.0
46.0	9.0	0.0
47.0	9.0	0.0
48.0	9.0	0.0
49.0	9.0	0.0
50.0	9.0	0.0

1.0	10.0	3838.0
2.0	10.0	3716.0
3.0	10.0	3256.0
4.0	10.0	3100.0
5.0	10.0	2814.0
6.0	10.0	2742.0
7.0	10.0	2646.0
8.0	10.0	2344.0
9.0	10.0	2371.0
10.0	10.0	2251.0
11.0	10.0	2236.0
12.0	10.0	2154.0
13.0	10.0	1404.0
14.0	10.0	1653.0
15.0	10.0	1140.0
16.0	10.0	1475.0
17.0	10.0	1311.0
18.0	10.0	1239.0
19.0	10.0	1166.0
20.0	10.0	139.0
21.0	10.0	166.0
22.0	10.0	301.0
23.0	10.0	276.0
24.0	10.0	322.0
25.0	10.0	194.0
26.0	10.0	181.0
27.0	10.0	389.0
28.0	10.0	281.0
29.0	10.0	304.0
30.0	10.0	270.0
31.0	10.0	318.0
32.0	10.0	153.0
33.0	10.0	120.0
34.0	10.0	163.0
35.0	10.0	250.0
36.0	10.0	175.0
37.0	10.0	194.0
38.0	10.0	367.0
39.0	10.0	284.0
40.0	10.0	220.0
41.0	10.0	256.0
42.0	10.0	0.0
43.0	10.0	0.0
44.0	10.0	0.0
45.0	10.0	0.0
46.0	10.0	0.0
47.0	10.0	0.0
48.0	10.0	0.0
49.0	10.0	0.0
50.0	10.0	0.0

1.0	11.0	3954.0
2.0	11.0	3635.0
3.0	11.0	3134.0
4.0	11.0	2945.0
5.0	11.0	3132.0
6.0	11.0	2932.0
7.0	11.0	2519.0
8.0	11.0	2575.0
9.0	11.0	2489.0
10.0	11.0	2455.0
11.0	11.0	2264.0
12.0	11.0	2281.0
13.0	11.0	1771.0
14.0	11.0	2096.0
15.0	11.0	2097.0
16.0	11.0	2041.0
17.0	11.0	1906.0
18.0	11.0	1654.0
19.0	11.0	1838.0
20.0	11.0	709.0
21.0	11.0	494.0
22.0	11.0	483.0
23.0	11.0	459.0
24.0	11.0	495.0
25.0	11.0	501.0
26.0	11.0	546.0
27.0	11.0	647.0
28.0	11.0	546.0
29.0	11.0	459.0
30.0	11.0	430.0
31.0	11.0	666.0
32.0	11.0	511.0
33.0	11.0	454.0
34.0	11.0	504.0
35.0	11.0	535.0
36.0	11.0	364.0
37.0	11.0	548.0
38.0	11.0	637.0
39.0	11.0	453.0
40.0	11.0	484.0
41.0	11.0	0.0
42.0	11.0	0.0
43.0	11.0	0.0
44.0	11.0	0.0
45.0	11.0	0.0
46.0	11.0	0.0
47.0	11.0	0.0
48.0	11.0	0.0
49.0	11.0	0.0
50.0	11.0	0.0

1.0	12.0	3864.0
2.0	12.0	3217.0
3.0	12.0	2982.0
4.0	12.0	2044.0
5.0	12.0	2790.0
6.0	12.0	2749.0
7.0	12.0	2728.0
8.0	12.0	2424.0
9.0	12.0	2392.0
10.0	12.0	2380.0
11.0	12.0	2358.0
12.0	12.0	2256.0
13.0	12.0	2251.0
14.0	12.0	2348.0
15.0	12.0	2175.0
16.0	12.0	2180.0
17.0	12.0	2046.0
18.0	12.0	2148.0
19.0	12.0	2072.0
20.0	12.0	1940.0
21.0	12.0	1338.0
22.0	12.0	1237.0
23.0	12.0	1040.0
24.0	12.0	603.0
25.0	12.0	804.0
26.0	12.0	817.0
27.0	12.0	691.0
28.0	12.0	761.0
29.0	12.0	655.0
30.0	12.0	234.0
31.0	12.0	613.0
32.0	12.0	527.0
33.0	12.0	529.0
34.0	12.0	365.0
35.0	12.0	126.0
36.0	12.0	126.0
37.0	12.0	128.0
38.0	12.0	120.0
39.0	12.0	124.0
40.0	12.0	0.0
41.0	12.0	0.0
42.0	12.0	0.0
43.0	12.0	0.0
44.0	12.0	0.0
45.0	12.0	0.0
46.0	12.0	0.0
47.0	12.0	0.0
48.0	12.0	0.0
49.0	12.0	0.0
50.0	12.0	0.0

1.0	13.0	4049.0
2.0	13.0	3380.0
3.0	13.0	2956.0
4.0	13.0	2876.0
5.0	13.0	2822.0
6.0	13.0	2643.0
7.0	13.0	2615.0
8.0	13.0	2470.0
9.0	13.0	2597.0
10.0	13.0	2352.0
11.0	13.0	2097.0
12.0	13.0	2144.0
13.0	13.0	2115.0
14.0	13.0	1916.0
15.0	13.0	1912.0
16.0	13.0	1839.0
17.0	13.0	1500.0
18.0	13.0	861.0
19.0	13.0	860.0
20.0	13.0	1025.0
21.0	13.0	947.0
22.0	13.0	730.0
23.0	13.0	862.0
24.0	13.0	862.0
25.0	13.0	1025.0
26.0	13.0	946.0
27.0	13.0	599.0
28.0	13.0	809.0
29.0	13.0	522.0
30.0	13.0	389.0
31.0	13.0	492.0
32.0	13.0	597.0
33.0	13.0	550.0
34.0	13.0	493.0
35.0	13.0	598.0
36.0	13.0	642.0
37.0	13.0	466.0
38.0	13.0	457.0
39.0	13.0	0.0
40.0	13.0	0.0
41.0	13.0	0.0
42.0	13.0	0.0
43.0	13.0	0.0
44.0	13.0	0.0
45.0	13.0	0.0
46.0	13.0	0.0
47.0	13.0	0.0
48.0	13.0	0.0
49.0	13.0	0.0
50.0	13.0	0.0

1.0	14.0	4129.0
2.0	14.0	3600.0
3.0	14.0	3308.0
4.0	14.0	2835.0
5.0	14.0	3038.0
6.0	14.0	2962.0
7.0	14.0	3011.0
8.0	14.0	2811.0
9.0	14.0	2821.0
10.0	14.0	2728.0
11.0	14.0	2744.0
12.0	14.0	2501.0
13.0	14.0	2313.0
14.0	14.0	2311.0
15.0	14.0	2197.0
16.0	14.0	2108.0
17.0	14.0	2020.0
18.0	14.0	1919.0
19.0	14.0	1984.0
20.0	14.0	1951.0
21.0	14.0	1953.0
22.0	14.0	1816.0
23.0	14.0	1941.0
24.0	14.0	1724.0
25.0	14.0	1561.0
26.0	14.0	1281.0
27.0	14.0	1237.0
28.0	14.0	1022.0
29.0	14.0	1158.0
30.0	14.0	1160.0
31.0	14.0	696.0
32.0	14.0	661.0
33.0	14.0	647.0
34.0	14.0	798.0
35.0	14.0	575.0
36.0	14.0	718.0
37.0	14.0	508.0
38.0	14.0	0.0
39.0	14.0	0.0
40.0	14.0	0.0
41.0	14.0	0.0
42.0	14.0	0.0
43.0	14.0	0.0
44.0	14.0	0.0
45.0	14.0	0.0
46.0	14.0	0.0
47.0	14.0	0.0
48.0	14.0	0.0
49.0	14.0	0.0
50.0	14.0	0.0

1.0	15.0	4369.0
2.0	15.0	4222.0
3.0	15.0	3931.0
4.0	15.0	4381.0
5.0	15.0	3784.0
6.0	15.0	3127.0
7.0	15.0	3282.0
8.0	15.0	2952.0
9.0	15.0	3111.0
10.0	15.0	2842.0
11.0	15.0	2723.0
12.0	15.0	2863.0
13.0	15.0	2697.0
14.0	15.0	2623.0
15.0	15.0	2696.0
16.0	15.0	2454.0
17.0	15.0	2565.0
18.0	15.0	2337.0
19.0	15.0	2331.0
20.0	15.0	2379.0
21.0	15.0	2269.0
22.0	15.0	2288.0
23.0	15.0	2223.0
24.0	15.0	2078.0
25.0	15.0	2286.0
26.0	15.0	2195.0
27.0	15.0	2053.0
28.0	15.0	2099.0
29.0	15.0	1971.0
30.0	15.0	1940.0
31.0	15.0	2001.0
32.0	15.0	1991.0
33.0	15.0	1197.0
34.0	15.0	1107.0
35.0	15.0	1055.0
36.0	15.0	1085.0
37.0	15.0	0.0
38.0	15.0	0.0
39.0	15.0	0.0
40.0	15.0	0.0
41.0	15.0	0.0
42.0	15.0	0.0
43.0	15.0	0.0
44.0	15.0	0.0
45.0	15.0	0.0
46.0	15.0	0.0
47.0	15.0	0.0
48.0	15.0	0.0
49.0	15.0	0.0
50.0	15.0	0.0

1.0	16.0	4034.0
2.0	16.0	3611.0
3.0	16.0	3284.0
4.0	16.0	3606.0
5.0	16.0	3170.0
6.0	16.0	2974.0
7.0	16.0	2897.0
8.0	16.0	2822.0
9.0	16.0	2794.0
10.0	16.0	2683.0
11.0	16.0	2454.0
12.0	16.0	2457.0
13.0	16.0	2391.0
14.0	16.0	2442.0
15.0	16.0	2192.0
16.0	16.0	2045.0
17.0	16.0	1228.0
18.0	16.0	1024.0
19.0	16.0	490.0
20.0	16.0	614.0
21.0	16.0	541.0
22.0	16.0	662.0
23.0	16.0	653.0
24.0	16.0	510.0
25.0	16.0	512.0
26.0	16.0	593.0
27.0	16.0	625.0
28.0	16.0	580.0
29.0	16.0	535.0
30.0	16.0	553.0
31.0	16.0	456.0
32.0	16.0	509.0
33.0	16.0	504.0
34.0	16.0	659.0
35.0	16.0	445.0
36.0	16.0	0.0
37.0	16.0	0.0
38.0	16.0	0.0
39.0	16.0	0.0
40.0	16.0	0.0
41.0	16.0	0.0
42.0	16.0	0.0
43.0	16.0	0.0
44.0	16.0	0.0
45.0	16.0	0.0
46.0	16.0	0.0
47.0	16.0	0.0
48.0	16.0	0.0
49.0	16.0	0.0
50.0	16.0	0.0

1.0	17.0	4179.0
2.0	17.0	4201.0
3.0	17.0	3596.0
4.0	17.0	3283.0
5.0	17.0	3231.0
6.0	17.0	3002.0
7.0	17.0	3028.0
8.0	17.0	2732.0
9.0	17.0	2947.0
10.0	17.0	2888.0
11.0	17.0	2732.0
12.0	17.0	2755.0
13.0	17.0	2731.0
14.0	17.0	2718.0
15.0	17.0	2555.0
16.0	17.0	2597.0
17.0	17.0	2421.0
18.0	17.0	2367.0
19.0	17.0	2421.0
20.0	17.0	2499.0
21.0	17.0	2340.0
22.0	17.0	2313.0
23.0	17.0	2169.0
24.0	17.0	2180.0
25.0	17.0	2184.0
26.0	17.0	2043.0
27.0	17.0	1290.0
28.0	17.0	1377.0
29.0	17.0	778.0
30.0	17.0	684.0
31.0	17.0	894.0
32.0	17.0	724.0
33.0	17.0	762.0
34.0	17.0	744.0
35.0	17.0	0.0
36.0	17.0	0.0
37.0	17.0	0.0
38.0	17.0	0.0
39.0	17.0	0.0
40.0	17.0	0.0
41.0	17.0	0.0
42.0	17.0	0.0
43.0	17.0	0.0
44.0	17.0	0.0
45.0	17.0	0.0
46.0	17.0	0.0
47.0	17.0	0.0
48.0	17.0	0.0
49.0	17.0	0.0
50.0	17.0	0.0

1.0	18.0	4269.0
2.0	18.0	4061.0
3.0	18.0	3828.0
4.0	18.0	3171.0
5.0	18.0	2886.0
6.0	18.0	2920.0
7.0	18.0	2879.0
8.0	18.0	2839.0
9.0	18.0	2824.0
10.0	18.0	2830.0
11.0	18.0	2607.0
12.0	18.0	2611.0
13.0	18.0	2643.0
14.0	18.0	2363.0
15.0	18.0	2414.0
16.0	18.0	2176.0
17.0	18.0	2249.0
18.0	18.0	2350.0
19.0	18.0	2320.0
20.0	18.0	2331.0
21.0	18.0	2199.0
22.0	18.0	2226.0
23.0	18.0	2173.0
24.0	18.0	2115.0
25.0	18.0	2050.0
26.0	18.0	1988.0
27.0	18.0	2134.0
28.0	18.0	2040.0
29.0	18.0	1938.0
30.0	18.0	2047.0
31.0	18.0	1920.0
32.0	18.0	1967.0
33.0	18.0	1860.0
34.0	18.0	0.0
35.0	18.0	0.0
36.0	18.0	0.0
37.0	18.0	0.0
38.0	18.0	0.0
39.0	18.0	0.0
40.0	18.0	0.0
41.0	18.0	0.0
42.0	18.0	0.0
43.0	18.0	0.0
44.0	18.0	0.0
45.0	18.0	0.0
46.0	18.0	0.0
47.0	18.0	0.0
48.0	18.0	0.0
49.0	18.0	0.0
50.0	18.0	0.0

1.0	19.0	4149.0
2.0	19.0	4060.0
3.0	19.0	3604.0
4.0	19.0	3536.0
5.0	19.0	3334.0
6.0	19.0	3357.0
7.0	19.0	3210.0
8.0	19.0	3181.0
9.0	19.0	3079.0
10.0	19.0	2938.0
11.0	19.0	2752.0
12.0	19.0	2736.0
13.0	19.0	2836.0
14.0	19.0	2718.0
15.0	19.0	2568.0
16.0	19.0	2467.0
17.0	19.0	2392.0
18.0	19.0	2386.0
19.0	19.0	2229.0
20.0	19.0	2186.0
21.0	19.0	2224.0
22.0	19.0	2235.0
23.0	19.0	2016.0
24.0	19.0	1551.0
25.0	19.0	1280.0
26.0	19.0	1174.0
27.0	19.0	1198.0
28.0	19.0	1103.0
29.0	19.0	1243.0
30.0	19.0	1303.0
31.0	19.0	1156.0
32.0	19.0	1145.0
33.0	19.0	0.0
34.0	19.0	0.0
35.0	19.0	0.0
36.0	19.0	0.0
37.0	19.0	0.0
38.0	19.0	0.0
39.0	19.0	0.0
40.0	19.0	0.0
41.0	19.0	0.0
42.0	19.0	0.0
43.0	19.0	0.0
44.0	19.0	0.0
45.0	19.0	0.0
46.0	19.0	0.0
47.0	19.0	0.0
48.0	19.0	0.0
49.0	19.0	0.0
50.0	19.0	0.0

1.0	20.0	3649.0
2.0	20.0	3473.0
3.0	20.0	3158.0
4.0	20.0	2995.0
5.0	20.0	3083.0
6.0	20.0	2795.0
7.0	20.0	2734.0
8.0	20.0	2630.0
9.0	20.0	2587.0
10.0	20.0	2420.0
11.0	20.0	2504.0
12.0	20.0	2473.0
13.0	20.0	2391.0
14.0	20.0	2271.0
15.0	20.0	2310.0
16.0	20.0	1300.0
17.0	20.0	1496.0
18.0	20.0	1520.0
19.0	20.0	1028.0
20.0	20.0	913.0
21.0	20.0	762.0
22.0	20.0	1118.0
23.0	20.0	735.0
24.0	20.0	884.0
25.0	20.0	698.0
26.0	20.0	757.0
27.0	20.0	1022.0
28.0	20.0	800.0
29.0	20.0	1016.0
30.0	20.0	990.0
31.0	20.0	962.0
32.0	20.0	0.0
33.0	20.0	0.0
34.0	20.0	0.0
35.0	20.0	0.0
36.0	20.0	0.0
37.0	20.0	0.0
38.0	20.0	0.0
39.0	20.0	0.0
40.0	20.0	0.0
41.0	20.0	0.0
42.0	20.0	0.0
43.0	20.0	0.0
44.0	20.0	0.0
45.0	20.0	0.0
46.0	20.0	0.0
47.0	20.0	0.0
48.0	20.0	0.0
49.0	20.0	0.0
50.0	20.0	0.0

1.0	21.0	4434.0
2.0	21.0	3550.0
3.0	21.0	3515.0
4.0	21.0	3493.0
5.0	21.0	3261.0
6.0	21.0	3141.0
7.0	21.0	3118.0
8.0	21.0	3070.0
9.0	21.0	3061.0
10.0	21.0	2821.0
11.0	21.0	2730.0
12.0	21.0	2632.0
13.0	21.0	2792.0
14.0	21.0	2543.0
15.0	21.0	2542.0
16.0	21.0	2486.0
17.0	21.0	2364.0
18.0	21.0	1928.0
19.0	21.0	2186.0
20.0	21.0	2122.0
21.0	21.0	2083.0
22.0	21.0	1572.0
23.0	21.0	1503.0
24.0	21.0	1083.0
25.0	21.0	1002.0
26.0	21.0	1215.0
27.0	21.0	1077.0
28.0	21.0	1186.0
29.0	21.0	974.0
30.0	21.0	1073.0
31.0	21.0	0.0
32.0	21.0	0.0
33.0	21.0	0.0
34.0	21.0	0.0
35.0	21.0	0.0
36.0	21.0	0.0
37.0	21.0	0.0
38.0	21.0	0.0
39.0	21.0	0.0
40.0	21.0	0.0
41.0	21.0	0.0
42.0	21.0	0.0
43.0	21.0	0.0
44.0	21.0	0.0
45.0	21.0	0.0
46.0	21.0	0.0
47.0	21.0	0.0
48.0	21.0	0.0
49.0	21.0	0.0
50.0	21.0	0.0

1.0	22.0	3944.0
2.0	22.0	3380.0
3.0	22.0	3332.0
4.0	22.0	3273.0
5.0	22.0	3195.0
6.0	22.0	3048.0
7.0	22.0	3146.0
8.0	22.0	2967.0
9.0	22.0	2936.0
10.0	22.0	2749.0
11.0	22.0	2746.0
12.0	22.0	2744.0
13.0	22.0	2836.0
14.0	22.0	2559.0
15.0	22.0	2730.0
16.0	22.0	2476.0
17.0	22.0	2443.0
18.0	22.0	2528.0
19.0	22.0	2355.0
20.0	22.0	2106.0
21.0	22.0	2096.0
22.0	22.0	2078.0
23.0	22.0	2172.0
24.0	22.0	1883.0
25.0	22.0	1779.0
26.0	22.0	1630.0
27.0	22.0	1658.0
28.0	22.0	1734.0
29.0	22.0	1517.0
30.0	22.0	0.0
31.0	22.0	0.0
32.0	22.0	0.0
33.0	22.0	0.0
34.0	22.0	0.0
35.0	22.0	0.0
36.0	22.0	0.0
37.0	22.0	0.0
38.0	22.0	0.0
39.0	22.0	0.0
40.0	22.0	0.0
41.0	22.0	0.0
42.0	22.0	0.0
43.0	22.0	0.0
44.0	22.0	0.0
45.0	22.0	0.0
46.0	22.0	0.0
47.0	22.0	0.0
48.0	22.0	0.0
49.0	22.0	0.0
50.0	22.0	0.0

1.0	23.0	3729.0
2.0	23.0	3623.0
3.0	23.0	3481.0
4.0	23.0	3286.0
5.0	23.0	3144.0
6.0	23.0	3301.0
7.0	23.0	3271.0
8.0	23.0	3138.0
9.0	23.0	3139.0
10.0	23.0	2939.0
11.0	23.0	2973.0
12.0	23.0	2804.0
13.0	23.0	2601.0
14.0	23.0	2615.0
15.0	23.0	2746.0
16.0	23.0	2039.0
17.0	23.0	2361.0
18.0	23.0	1996.0
19.0	23.0	2014.0
20.0	23.0	1957.0
21.0	23.0	1995.0
22.0	23.0	2103.0
23.0	23.0	1927.0
24.0	23.0	1888.0
25.0	23.0	1794.0
26.0	23.0	1762.0
27.0	23.0	1816.0
28.0	23.0	1698.0
29.0	23.0	0.0
30.0	23.0	0.0
31.0	23.0	0.0
32.0	23.0	0.0
33.0	23.0	0.0
34.0	23.0	0.0
35.0	23.0	0.0
36.0	23.0	0.0
37.0	23.0	0.0
38.0	23.0	0.0
39.0	23.0	0.0
40.0	23.0	0.0
41.0	23.0	0.0
42.0	23.0	0.0
43.0	23.0	0.0
44.0	23.0	0.0
45.0	23.0	0.0
46.0	23.0	0.0
47.0	23.0	0.0
48.0	23.0	0.0
49.0	23.0	0.0
50.0	23.0	0.0

1.0	24.0	3929.0
2.0	24.0	3493.0
3.0	24.0	3270.0
4.0	24.0	3340.0
5.0	24.0	3103.0
6.0	24.0	3143.0
7.0	24.0	2992.0
8.0	24.0	3014.0
9.0	24.0	2934.0
10.0	24.0	2881.0
11.0	24.0	2835.0
12.0	24.0	2707.0
13.0	24.0	2477.0
14.0	24.0	2646.0
15.0	24.0	2662.0
16.0	24.0	2515.0
17.0	24.0	2509.0
18.0	24.0	2442.0
19.0	24.0	2323.0
20.0	24.0	2314.0
21.0	24.0	2407.0
22.0	24.0	2393.0
23.0	24.0	2350.0
24.0	24.0	2287.0
25.0	24.0	2151.0
26.0	24.0	2247.0
27.0	24.0	2175.0
28.0	24.0	0.0
29.0	24.0	0.0
30.0	24.0	0.0
31.0	24.0	0.0
32.0	24.0	0.0
33.0	24.0	0.0
34.0	24.0	0.0
35.0	24.0	0.0
36.0	24.0	0.0
37.0	24.0	0.0
38.0	24.0	0.0
39.0	24.0	0.0
40.0	24.0	0.0
41.0	24.0	0.0
42.0	24.0	0.0
43.0	24.0	0.0
44.0	24.0	0.0
45.0	24.0	0.0
46.0	24.0	0.0
47.0	24.0	0.0
48.0	24.0	0.0
49.0	24.0	0.0
50.0	24.0	0.0

1.0	25.0	4524.0
2.0	25.0	3802.0
3.0	25.0	3624.0
4.0	25.0	3621.0
5.0	25.0	3362.0
6.0	25.0	3357.0
7.0	25.0	3328.0
8.0	25.0	3306.0
9.0	25.0	3300.0
10.0	25.0	3269.0
11.0	25.0	3022.0
12.0	25.0	3027.0
13.0	25.0	3156.0
14.0	25.0	2944.0
15.0	25.0	3137.0
16.0	25.0	3024.0
17.0	25.0	2854.0
18.0	25.0	2556.0
19.0	25.0	2361.0
20.0	25.0	2436.0
21.0	25.0	2367.0
22.0	25.0	2347.0
23.0	25.0	2277.0
24.0	25.0	2333.0
25.0	25.0	2342.0
26.0	25.0	2403.0
27.0	25.0	0.0
28.0	25.0	0.0
29.0	25.0	0.0
30.0	25.0	0.0
31.0	25.0	0.0
32.0	25.0	0.0
33.0	25.0	0.0
34.0	25.0	0.0
35.0	25.0	0.0
36.0	25.0	0.0
37.0	25.0	0.0
38.0	25.0	0.0
39.0	25.0	0.0
40.0	25.0	0.0
41.0	25.0	0.0
42.0	25.0	0.0
43.0	25.0	0.0
44.0	25.0	0.0
45.0	25.0	0.0
46.0	25.0	0.0
47.0	25.0	0.0
48.0	25.0	0.0
49.0	25.0	0.0
50.0	25.0	0.0

1.0	26.0	3929.0
2.0	26.0	3521.0
3.0	26.0	3721.0
4.0	26.0	3926.0
5.0	26.0	3604.0
6.0	26.0	3299.0
7.0	26.0	3593.0
8.0	26.0	3089.0
9.0	26.0	3168.0
10.0	26.0	3108.0
11.0	26.0	3070.0
12.0	26.0	3144.0
13.0	26.0	2860.0
14.0	26.0	2865.0
15.0	26.0	2920.0
16.0	26.0	2800.0
17.0	26.0	2618.0
18.0	26.0	2645.0
19.0	26.0	2552.0
20.0	26.0	2372.0
21.0	26.0	2760.0
22.0	26.0	2533.0
23.0	26.0	2425.0
24.0	26.0	2231.0
25.0	26.0	2500.0
26.0	26.0	0.0
27.0	26.0	0.0
28.0	26.0	0.0
29.0	26.0	0.0
30.0	26.0	0.0
31.0	26.0	0.0
32.0	26.0	0.0
33.0	26.0	0.0
34.0	26.0	0.0
35.0	26.0	0.0
36.0	26.0	0.0
37.0	26.0	0.0
38.0	26.0	0.0
39.0	26.0	0.0
40.0	26.0	0.0
41.0	26.0	0.0
42.0	26.0	0.0
43.0	26.0	0.0
44.0	26.0	0.0
45.0	26.0	0.0
46.0	26.0	0.0
47.0	26.0	0.0
48.0	26.0	0.0
49.0	26.0	0.0
50.0	26.0	0.0

1.0	27.0	3914.0
2.0	27.0	4146.0
3.0	27.0	3762.0
4.0	27.0	3545.0
5.0	27.0	3585.0
6.0	27.0	3500.0
7.0	27.0	3658.0
8.0	27.0	3395.0
9.0	27.0	3221.0
10.0	27.0	3263.0
11.0	27.0	3223.0
12.0	27.0	3128.0
13.0	27.0	3190.0
14.0	27.0	3134.0
15.0	27.0	2462.0
16.0	27.0	2505.0
17.0	27.0	2618.0
18.0	27.0	2458.0
19.0	27.0	2534.0
20.0	27.0	2306.0
21.0	27.0	2436.0
22.0	27.0	2367.0
23.0	27.0	1936.0
24.0	27.0	2256.0
25.0	27.0	0.0
26.0	27.0	0.0
27.0	27.0	0.0
28.0	27.0	0.0
29.0	27.0	0.0
30.0	27.0	0.0
31.0	27.0	0.0
32.0	27.0	0.0
33.0	27.0	0.0
34.0	27.0	0.0
35.0	27.0	0.0
36.0	27.0	0.0
37.0	27.0	0.0
38.0	27.0	0.0
39.0	27.0	0.0
40.0	27.0	0.0
41.0	27.0	0.0
42.0	27.0	0.0
43.0	27.0	0.0
44.0	27.0	0.0
45.0	27.0	0.0
46.0	27.0	0.0
47.0	27.0	0.0
48.0	27.0	0.0
49.0	27.0	0.0
50.0	27.0	0.0

1.0	28.0	4014.0
2.0	28.0	3776.0
3.0	28.0	3846.0
4.0	28.0	3359.0
5.0	28.0	3388.0
6.0	28.0	3351.0
7.0	28.0	3370.0
8.0	28.0	3111.0
9.0	28.0	2968.0
10.0	28.0	3002.0
11.0	28.0	2826.0
12.0	28.0	2946.0
13.0	28.0	2769.0
14.0	28.0	2821.0
15.0	28.0	2556.0
16.0	28.0	2438.0
17.0	28.0	2533.0
18.0	28.0	2235.0
19.0	28.0	2502.0
20.0	28.0	2481.0
21.0	28.0	2123.0
22.0	28.0	2287.0
23.0	28.0	2356.0
24.0	28.0	0.0
25.0	28.0	0.0
26.0	28.0	0.0
27.0	28.0	0.0
28.0	28.0	0.0
29.0	28.0	0.0
30.0	28.0	0.0
31.0	28.0	0.0
32.0	28.0	0.0
33.0	28.0	0.0
34.0	28.0	0.0
35.0	28.0	0.0
36.0	28.0	0.0
37.0	28.0	0.0
38.0	28.0	0.0
39.0	28.0	0.0
40.0	28.0	0.0
41.0	28.0	0.0
42.0	28.0	0.0
43.0	28.0	0.0
44.0	28.0	0.0
45.0	28.0	0.0
46.0	28.0	0.0
47.0	28.0	0.0
48.0	28.0	0.0
49.0	28.0	0.0
50.0	28.0	0.0

1.0	29.0	4014.0
2.0	29.0	3786.0
3.0	29.0	3702.0
4.0	29.0	3547.0
5.0	29.0	3819.0
6.0	29.0	3339.0
7.0	29.0	3389.0
8.0	29.0	3297.0
9.0	29.0	3414.0
10.0	29.0	2959.0
11.0	29.0	3185.0
12.0	29.0	3306.0
13.0	29.0	3378.0
14.0	29.0	3194.0
15.0	29.0	3037.0
16.0	29.0	3122.0
17.0	29.0	2975.0
18.0	29.0	2973.0
19.0	29.0	3108.0
20.0	29.0	3015.0
21.0	29.0	3016.0
22.0	29.0	3115.0
23.0	29.0	0.0
24.0	29.0	0.0
25.0	29.0	0.0
26.0	29.0	0.0
27.0	29.0	0.0
28.0	29.0	0.0
29.0	29.0	0.0
30.0	29.0	0.0
31.0	29.0	0.0
32.0	29.0	0.0
33.0	29.0	0.0
34.0	29.0	0.0
35.0	29.0	0.0
36.0	29.0	0.0
37.0	29.0	0.0
38.0	29.0	0.0
39.0	29.0	0.0
40.0	29.0	0.0
41.0	29.0	0.0
42.0	29.0	0.0
43.0	29.0	0.0
44.0	29.0	0.0
45.0	29.0	0.0
46.0	29.0	0.0
47.0	29.0	0.0
48.0	29.0	0.0
49.0	29.0	0.0
50.0	29.0	0.0

1.0	30.0	3929.0
2.0	30.0	3470.0
3.0	30.0	3697.0
4.0	30.0	3362.0
5.0	30.0	3325.0
6.0	30.0	3232.0
7.0	30.0	3124.0
8.0	30.0	3115.0
9.0	30.0	3045.0
10.0	30.0	3056.0
11.0	30.0	2984.0
12.0	30.0	2942.0
13.0	30.0	2881.0
14.0	30.0	2919.0
15.0	30.0	2815.0
16.0	30.0	2789.0
17.0	30.0	2554.0
18.0	30.0	2257.0
19.0	30.0	2273.0
20.0	30.0	2248.0
21.0	30.0	2220.0
22.0	30.0	0.0
23.0	30.0	0.0
24.0	30.0	0.0
25.0	30.0	0.0
26.0	30.0	0.0
27.0	30.0	0.0
28.0	30.0	0.0
29.0	30.0	0.0
30.0	30.0	0.0
31.0	30.0	0.0
32.0	30.0	0.0
33.0	30.0	0.0
34.0	30.0	0.0
35.0	30.0	0.0
36.0	30.0	0.0
37.0	30.0	0.0
38.0	30.0	0.0
39.0	30.0	0.0
40.0	30.0	0.0
41.0	30.0	0.0
42.0	30.0	0.0
43.0	30.0	0.0
44.0	30.0	0.0
45.0	30.0	0.0
46.0	30.0	0.0
47.0	30.0	0.0
48.0	30.0	0.0
49.0	30.0	0.0
50.0	30.0	0.0

1.0	31.0	3769.0
2.0	31.0	3685.0
3.0	31.0	3578.0
4.0	31.0	3257.0
5.0	31.0	3223.0
6.0	31.0	3214.0
7.0	31.0	3141.0
8.0	31.0	3074.0
9.0	31.0	3073.0
10.0	31.0	2973.0
11.0	31.0	3103.0
12.0	31.0	2972.0
13.0	31.0	2912.0
14.0	31.0	3051.0
15.0	31.0	2813.0
16.0	31.0	2758.0
17.0	31.0	2898.0
18.0	31.0	2668.0
19.0	31.0	2887.0
20.0	31.0	2711.0
21.0	31.0	0.0
22.0	31.0	0.0
23.0	31.0	0.0
24.0	31.0	0.0
25.0	31.0	0.0
26.0	31.0	0.0
27.0	31.0	0.0
28.0	31.0	0.0
29.0	31.0	0.0
30.0	31.0	0.0
31.0	31.0	0.0
32.0	31.0	0.0
33.0	31.0	0.0
34.0	31.0	0.0
35.0	31.0	0.0
36.0	31.0	0.0
37.0	31.0	0.0
38.0	31.0	0.0
39.0	31.0	0.0
40.0	31.0	0.0
41.0	31.0	0.0
42.0	31.0	0.0
43.0	31.0	0.0
44.0	31.0	0.0
45.0	31.0	0.0
46.0	31.0	0.0
47.0	31.0	0.0
48.0	31.0	0.0
49.0	31.0	0.0
50.0	31.0	0.0

1.0	32.0	4299.0
2.0	32.0	3786.0
3.0	32.0	4029.0
4.0	32.0	3911.0
5.0	32.0	3994.0
6.0	32.0	3679.0
7.0	32.0	3540.0
8.0	32.0	3230.0
9.0	32.0	3486.0
10.0	32.0	3269.0
11.0	32.0	3436.0
12.0	32.0	3436.0
13.0	32.0	3152.0
14.0	32.0	3251.0
15.0	32.0	3218.0
16.0	32.0	3308.0
17.0	32.0	3086.0
18.0	32.0	3350.0
19.0	32.0	3052.0
20.0	32.0	0.0
21.0	32.0	0.0
22.0	32.0	0.0
23.0	32.0	0.0
24.0	32.0	0.0
25.0	32.0	0.0
26.0	32.0	0.0
27.0	32.0	0.0
28.0	32.0	0.0
29.0	32.0	0.0
30.0	32.0	0.0
31.0	32.0	0.0
32.0	32.0	0.0
33.0	32.0	0.0
34.0	32.0	0.0
35.0	32.0	0.0
36.0	32.0	0.0
37.0	32.0	0.0
38.0	32.0	0.0
39.0	32.0	0.0
40.0	32.0	0.0
41.0	32.0	0.0
42.0	32.0	0.0
43.0	32.0	0.0
44.0	32.0	0.0
45.0	32.0	0.0
46.0	32.0	0.0
47.0	32.0	0.0
48.0	32.0	0.0
49.0	32.0	0.0
50.0	32.0	0.0

1.0	33.0	4074.0
2.0	33.0	3696.0
3.0	33.0	3797.0
4.0	33.0	3824.0
5.0	33.0	3849.0
6.0	33.0	3481.0
7.0	33.0	3203.0
8.0	33.0	3497.0
9.0	33.0	3508.0
10.0	33.0	3449.0
11.0	33.0	3306.0
12.0	33.0	3267.0
13.0	33.0	3481.0
14.0	33.0	3288.0
15.0	33.0	3264.0
16.0	33.0	3387.0
17.0	33.0	3170.0
18.0	33.0	3236.0
19.0	33.0	0.0
20.0	33.0	0.0
21.0	33.0	0.0
22.0	33.0	0.0
23.0	33.0	0.0
24.0	33.0	0.0
25.0	33.0	0.0
26.0	33.0	0.0
27.0	33.0	0.0
28.0	33.0	0.0
29.0	33.0	0.0
30.0	33.0	0.0
31.0	33.0	0.0
32.0	33.0	0.0
33.0	33.0	0.0
34.0	33.0	0.0
35.0	33.0	0.0
36.0	33.0	0.0
37.0	33.0	0.0
38.0	33.0	0.0
39.0	33.0	0.0
40.0	33.0	0.0
41.0	33.0	0.0
42.0	33.0	0.0
43.0	33.0	0.0
44.0	33.0	0.0
45.0	33.0	0.0
46.0	33.0	0.0
47.0	33.0	0.0
48.0	33.0	0.0
49.0	33.0	0.0
50.0	33.0	0.0

1.0	34.0	4074.0
2.0	34.0	3696.0
3.0	34.0	3584.0
4.0	34.0	3454.0
5.0	34.0	3638.0
6.0	34.0	3472.0
7.0	34.0	3336.0
8.0	34.0	3398.0
9.0	34.0	3531.0
10.0	34.0	3340.0
11.0	34.0	3281.0
12.0	34.0	3182.0
13.0	34.0	3292.0
14.0	34.0	3219.0
15.0	34.0	3068.0
16.0	34.0	3147.0
17.0	34.0	3095.0
18.0	34.0	0.0
19.0	34.0	0.0
20.0	34.0	0.0
21.0	34.0	0.0
22.0	34.0	0.0
23.0	34.0	0.0
24.0	34.0	0.0
25.0	34.0	0.0
26.0	34.0	0.0
27.0	34.0	0.0
28.0	34.0	0.0
29.0	34.0	0.0
30.0	34.0	0.0
31.0	34.0	0.0
32.0	34.0	0.0
33.0	34.0	0.0
34.0	34.0	0.0
35.0	34.0	0.0
36.0	34.0	0.0
37.0	34.0	0.0
38.0	34.0	0.0
39.0	34.0	0.0
40.0	34.0	0.0
41.0	34.0	0.0
42.0	34.0	0.0
43.0	34.0	0.0
44.0	34.0	0.0
45.0	34.0	0.0
46.0	34.0	0.0
47.0	34.0	0.0
48.0	34.0	0.0
49.0	34.0	0.0
50.0	34.0	0.0

1.0	35.0	4059.0
2.0	35.0	3971.0
3.0	35.0	4134.0
4.0	35.0	3819.0
5.0	35.0	3599.0
6.0	35.0	3900.0
7.0	35.0	3849.0
8.0	35.0	3864.0
9.0	35.0	3965.0
10.0	35.0	3654.0
11.0	35.0	3659.0
12.0	35.0	3639.0
13.0	35.0	3684.0
14.0	35.0	3771.0
15.0	35.0	3440.0
16.0	35.0	3506.0
17.0	35.0	0.0
18.0	35.0	0.0
19.0	35.0	0.0
20.0	35.0	0.0
21.0	35.0	0.0
22.0	35.0	0.0
23.0	35.0	0.0
24.0	35.0	0.0
25.0	35.0	0.0
26.0	35.0	0.0
27.0	35.0	0.0
28.0	35.0	0.0
29.0	35.0	0.0
30.0	35.0	0.0
31.0	35.0	0.0
32.0	35.0	0.0
33.0	35.0	0.0
34.0	35.0	0.0
35.0	35.0	0.0
36.0	35.0	0.0
37.0	35.0	0.0
38.0	35.0	0.0
39.0	35.0	0.0
40.0	35.0	0.0
41.0	35.0	0.0
42.0	35.0	0.0
43.0	35.0	0.0
44.0	35.0	0.0
45.0	35.0	0.0
46.0	35.0	0.0
47.0	35.0	0.0
48.0	35.0	0.0
49.0	35.0	0.0
50.0	35.0	0.0

1.0	36.0	3984.0
2.0	36.0	3951.0
3.0	36.0	3883.0
4.0	36.0	3535.0
5.0	36.0	3478.0
6.0	36.0	3613.0
7.0	36.0	3635.0
8.0	36.0	3509.0
9.0	36.0	3559.0
10.0	36.0	3409.0
11.0	36.0	3474.0
12.0	36.0	3237.0
13.0	36.0	3420.0
14.0	36.0	3308.0
15.0	36.0	3363.0
16.0	36.0	0.0
17.0	36.0	0.0
18.0	36.0	0.0
19.0	36.0	0.0
20.0	36.0	0.0
21.0	36.0	0.0
22.0	36.0	0.0
23.0	36.0	0.0
24.0	36.0	0.0
25.0	36.0	0.0
26.0	36.0	0.0
27.0	36.0	0.0
28.0	36.0	0.0
29.0	36.0	0.0
30.0	36.0	0.0
31.0	36.0	0.0
32.0	36.0	0.0
33.0	36.0	0.0
34.0	36.0	0.0
35.0	36.0	0.0
36.0	36.0	0.0
37.0	36.0	0.0
38.0	36.0	0.0
39.0	36.0	0.0
40.0	36.0	0.0
41.0	36.0	0.0
42.0	36.0	0.0
43.0	36.0	0.0
44.0	36.0	0.0
45.0	36.0	0.0
46.0	36.0	0.0
47.0	36.0	0.0
48.0	36.0	0.0
49.0	36.0	0.0
50.0	36.0	0.0

1.0	37.0	3964.0
2.0	37.0	3736.0
3.0	37.0	3415.0
4.0	37.0	3423.0
5.0	37.0	3361.0
6.0	37.0	3362.0
7.0	37.0	3215.0
8.0	37.0	3208.0
9.0	37.0	3485.0
10.0	37.0	3455.0
11.0	37.0	3299.0
12.0	37.0	3143.0
13.0	37.0	3123.0
14.0	37.0	3170.0
15.0	37.0	0.0
16.0	37.0	0.0
17.0	37.0	0.0
18.0	37.0	0.0
19.0	37.0	0.0
20.0	37.0	0.0
21.0	37.0	0.0
22.0	37.0	0.0
23.0	37.0	0.0
24.0	37.0	0.0
25.0	37.0	0.0
26.0	37.0	0.0
27.0	37.0	0.0
28.0	37.0	0.0
29.0	37.0	0.0
30.0	37.0	0.0
31.0	37.0	0.0
32.0	37.0	0.0
33.0	37.0	0.0
34.0	37.0	0.0
35.0	37.0	0.0
36.0	37.0	0.0
37.0	37.0	0.0
38.0	37.0	0.0
39.0	37.0	0.0
40.0	37.0	0.0
41.0	37.0	0.0
42.0	37.0	0.0
43.0	37.0	0.0
44.0	37.0	0.0
45.0	37.0	0.0
46.0	37.0	0.0
47.0	37.0	0.0
48.0	37.0	0.0
49.0	37.0	0.0
50.0	37.0	0.0

1.0	38.0	3719.0
2.0	38.0	3756.0
3.0	38.0	3763.0
4.0	38.0	3582.0
5.0	38.0	3463.0
6.0	38.0	3499.0
7.0	38.0	3600.0
8.0	38.0	3495.0
9.0	38.0	3521.0
10.0	38.0	3632.0
11.0	38.0	3410.0
12.0	38.0	3432.0
13.0	38.0	3612.0
14.0	38.0	0.0
15.0	38.0	0.0
16.0	38.0	0.0
17.0	38.0	0.0
18.0	38.0	0.0
19.0	38.0	0.0
20.0	38.0	0.0
21.0	38.0	0.0
22.0	38.0	0.0
23.0	38.0	0.0
24.0	38.0	0.0
25.0	38.0	0.0
26.0	38.0	0.0
27.0	38.0	0.0
28.0	38.0	0.0
29.0	38.0	0.0
30.0	38.0	0.0
31.0	38.0	0.0
32.0	38.0	0.0
33.0	38.0	0.0
34.0	38.0	0.0
35.0	38.0	0.0
36.0	38.0	0.0
37.0	38.0	0.0
38.0	38.0	0.0
39.0	38.0	0.0
40.0	38.0	0.0
41.0	38.0	0.0
42.0	38.0	0.0
43.0	38.0	0.0
44.0	38.0	0.0
45.0	38.0	0.0
46.0	38.0	0.0
47.0	38.0	0.0
48.0	38.0	0.0
49.0	38.0	0.0
50.0	38.0	0.0

1.0	39.0	3859.0
2.0	39.0	3791.0
3.0	39.0	3806.0
4.0	39.0	3569.0
5.0	39.0	3560.0
6.0	39.0	3433.0
7.0	39.0	3639.0
8.0	39.0	3733.0
9.0	39.0	3912.0
10.0	39.0	3516.0
11.0	39.0	3698.0
12.0	39.0	3491.0
13.0	39.0	0.0
14.0	39.0	0.0
15.0	39.0	0.0
16.0	39.0	0.0
17.0	39.0	0.0
18.0	39.0	0.0
19.0	39.0	0.0
20.0	39.0	0.0
21.0	39.0	0.0
22.0	39.0	0.0
23.0	39.0	0.0
24.0	39.0	0.0
25.0	39.0	0.0
26.0	39.0	0.0
27.0	39.0	0.0
28.0	39.0	0.0
29.0	39.0	0.0
30.0	39.0	0.0
31.0	39.0	0.0
32.0	39.0	0.0
33.0	39.0	0.0
34.0	39.0	0.0
35.0	39.0	0.0
36.0	39.0	0.0
37.0	39.0	0.0
38.0	39.0	0.0
39.0	39.0	0.0
40.0	39.0	0.0
41.0	39.0	0.0
42.0	39.0	0.0
43.0	39.0	0.0
44.0	39.0	0.0
45.0	39.0	0.0
46.0	39.0	0.0
47.0	39.0	0.0
48.0	39.0	0.0
49.0	39.0	0.0
50.0	39.0	0.0

1.0	40.0	4124.0
2.0	40.0	3942.0
3.0	40.0	3934.0
4.0	40.0	3976.0
5.0	40.0	3881.0
6.0	40.0	3926.0
7.0	40.0	3773.0
8.0	40.0	3652.0
9.0	40.0	3801.0
10.0	40.0	3742.0
11.0	40.0	3714.0
12.0	40.0	0.0
13.0	40.0	0.0
14.0	40.0	0.0
15.0	40.0	0.0
16.0	40.0	0.0
17.0	40.0	0.0
18.0	40.0	0.0
19.0	40.0	0.0
20.0	40.0	0.0
21.0	40.0	0.0
22.0	40.0	0.0
23.0	40.0	0.0
24.0	40.0	0.0
25.0	40.0	0.0
26.0	40.0	0.0
27.0	40.0	0.0
28.0	40.0	0.0
29.0	40.0	0.0
30.0	40.0	0.0
31.0	40.0	0.0
32.0	40.0	0.0
33.0	40.0	0.0
34.0	40.0	0.0
35.0	40.0	0.0
36.0	40.0	0.0
37.0	40.0	0.0
38.0	40.0	0.0
39.0	40.0	0.0
40.0	40.0	0.0
41.0	40.0	0.0
42.0	40.0	0.0
43.0	40.0	0.0
44.0	40.0	0.0
45.0	40.0	0.0
46.0	40.0	0.0
47.0	40.0	0.0
48.0	40.0	0.0
49.0	40.0	0.0
50.0	40.0	0.0

1.0	41.0	3929.0
2.0	41.0	4006.0
3.0	41.0	3831.0
4.0	41.0	3725.0
5.0	41.0	3917.0
6.0	41.0	3697.0
7.0	41.0	3774.0
8.0	41.0	3809.0
9.0	41.0	3834.0
10.0	41.0	3790.0
11.0	41.0	0.0
12.0	41.0	0.0
13.0	41.0	0.0
14.0	41.0	0.0
15.0	41.0	0.0
16.0	41.0	0.0
17.0	41.0	0.0
18.0	41.0	0.0
19.0	41.0	0.0
20.0	41.0	0.0
21.0	41.0	0.0
22.0	41.0	0.0
23.0	41.0	0.0
24.0	41.0	0.0
25.0	41.0	0.0
26.0	41.0	0.0
27.0	41.0	0.0
28.0	41.0	0.0
29.0	41.0	0.0
30.0	41.0	0.0
31.0	41.0	0.0
32.0	41.0	0.0
33.0	41.0	0.0
34.0	41.0	0.0
35.0	41.0	0.0
36.0	41.0	0.0
37.0	41.0	0.0
38.0	41.0	0.0
39.0	41.0	0.0
40.0	41.0	0.0
41.0	41.0	0.0
42.0	41.0	0.0
43.0	41.0	0.0
44.0	41.0	0.0
45.0	41.0	0.0
46.0	41.0	0.0
47.0	41.0	0.0
48.0	41.0	0.0
49.0	41.0	0.0
50.0	41.0	0.0

1.0	42.0	3939.0
2.0	42.0	3913.0
3.0	42.0	3572.0
4.0	42.0	3679.0
5.0	42.0	3516.0
6.0	42.0	3393.0
7.0	42.0	3427.0
8.0	42.0	3491.0
9.0	42.0	3417.0
10.0	42.0	0.0
11.0	42.0	0.0
12.0	42.0	0.0
13.0	42.0	0.0
14.0	42.0	0.0
15.0	42.0	0.0
16.0	42.0	0.0
17.0	42.0	0.0
18.0	42.0	0.0
19.0	42.0	0.0
20.0	42.0	0.0
21.0	42.0	0.0
22.0	42.0	0.0
23.0	42.0	0.0
24.0	42.0	0.0
25.0	42.0	0.0
26.0	42.0	0.0
27.0	42.0	0.0
28.0	42.0	0.0
29.0	42.0	0.0
30.0	42.0	0.0
31.0	42.0	0.0
32.0	42.0	0.0
33.0	42.0	0.0
34.0	42.0	0.0
35.0	42.0	0.0
36.0	42.0	0.0
37.0	42.0	0.0
38.0	42.0	0.0
39.0	42.0	0.0
40.0	42.0	0.0
41.0	42.0	0.0
42.0	42.0	0.0
43.0	42.0	0.0
44.0	42.0	0.0
45.0	42.0	0.0
46.0	42.0	0.0
47.0	42.0	0.0
48.0	42.0	0.0
49.0	42.0	0.0
50.0	42.0	0.0

1.0	43.0	3944.0
2.0	43.0	3847.0
3.0	43.0	3835.0
4.0	43.0	3806.0
5.0	43.0	3780.0
6.0	43.0	3788.0
7.0	43.0	3594.0
8.0	43.0	3615.0
9.0	43.0	0.0
10.0	43.0	0.0
11.0	43.0	0.0
12.0	43.0	0.0
13.0	43.0	0.0
14.0	43.0	0.0
15.0	43.0	0.0
16.0	43.0	0.0
17.0	43.0	0.0
18.0	43.0	0.0
19.0	43.0	0.0
20.0	43.0	0.0
21.0	43.0	0.0
22.0	43.0	0.0
23.0	43.0	0.0
24.0	43.0	0.0
25.0	43.0	0.0
26.0	43.0	0.0
27.0	43.0	0.0
28.0	43.0	0.0
29.0	43.0	0.0
30.0	43.0	0.0
31.0	43.0	0.0
32.0	43.0	0.0
33.0	43.0	0.0
34.0	43.0	0.0
35.0	43.0	0.0
36.0	43.0	0.0
37.0	43.0	0.0
38.0	43.0	0.0
39.0	43.0	0.0
40.0	43.0	0.0
41.0	43.0	0.0
42.0	43.0	0.0
43.0	43.0	0.0
44.0	43.0	0.0
45.0	43.0	0.0
46.0	43.0	0.0
47.0	43.0	0.0
48.0	43.0	0.0
49.0	43.0	0.0
50.0	43.0	0.0

1.0	44.0	4014.0
2.0	44.0	3678.0
3.0	44.0	3764.0
4.0	44.0	3415.0
5.0	44.0	3651.0
6.0	44.0	3624.0
7.0	44.0	3610.0
8.0	44.0	0.0
9.0	44.0	0.0
10.0	44.0	0.0
11.0	44.0	0.0
12.0	44.0	0.0
13.0	44.0	0.0
14.0	44.0	0.0
15.0	44.0	0.0
16.0	44.0	0.0
17.0	44.0	0.0
18.0	44.0	0.0
19.0	44.0	0.0
20.0	44.0	0.0
21.0	44.0	0.0
22.0	44.0	0.0
23.0	44.0	0.0
24.0	44.0	0.0
25.0	44.0	0.0
26.0	44.0	0.0
27.0	44.0	0.0
28.0	44.0	0.0
29.0	44.0	0.0
30.0	44.0	0.0
31.0	44.0	0.0
32.0	44.0	0.0
33.0	44.0	0.0
34.0	44.0	0.0
35.0	44.0	0.0
36.0	44.0	0.0
37.0	44.0	0.0
38.0	44.0	0.0
39.0	44.0	0.0
40.0	44.0	0.0
41.0	44.0	0.0
42.0	44.0	0.0
43.0	44.0	0.0
44.0	44.0	0.0
45.0	44.0	0.0
46.0	44.0	0.0
47.0	44.0	0.0
48.0	44.0	0.0
49.0	44.0	0.0
50.0	44.0	0.0

1.0	45.0	3694.0
2.0	45.0	3922.0
3.0	45.0	3996.0
4.0	45.0	3827.0
5.0	45.0	3735.0
6.0	45.0	3862.0
7.0	45.0	0.0
8.0	45.0	0.0
9.0	45.0	0.0
10.0	45.0	0.0
11.0	45.0	0.0
12.0	45.0	0.0
13.0	45.0	0.0
14.0	45.0	0.0
15.0	45.0	0.0
16.0	45.0	0.0
17.0	45.0	0.0
18.0	45.0	0.0
19.0	45.0	0.0
20.0	45.0	0.0
21.0	45.0	0.0
22.0	45.0	0.0
23.0	45.0	0.0
24.0	45.0	0.0
25.0	45.0	0.0
26.0	45.0	0.0
27.0	45.0	0.0
28.0	45.0	0.0
29.0	45.0	0.0
30.0	45.0	0.0
31.0	45.0	0.0
32.0	45.0	0.0
33.0	45.0	0.0
34.0	45.0	0.0
35.0	45.0	0.0
36.0	45.0	0.0
37.0	45.0	0.0
38.0	45.0	0.0
39.0	45.0	0.0
40.0	45.0	0.0
41.0	45.0	0.0
42.0	45.0	0.0
43.0	45.0	0.0
44.0	45.0	0.0
45.0	45.0	0.0
46.0	45.0	0.0
47.0	45.0	0.0
48.0	45.0	0.0
49.0	45.0	0.0
50.0	45.0	0.0

1.0	46.0	3924.0
2.0	46.0	3666.0
3.0	46.0	3692.0
4.0	46.0	3703.0
5.0	46.0	3690.0
6.0	46.0	0.0
7.0	46.0	0.0
8.0	46.0	0.0
9.0	46.0	0.0
10.0	46.0	0.0
11.0	46.0	0.0
12.0	46.0	0.0
13.0	46.0	0.0
14.0	46.0	0.0
15.0	46.0	0.0
16.0	46.0	0.0
17.0	46.0	0.0
18.0	46.0	0.0
19.0	46.0	0.0
20.0	46.0	0.0
21.0	46.0	0.0
22.0	46.0	0.0
23.0	46.0	0.0
24.0	46.0	0.0
25.0	46.0	0.0
26.0	46.0	0.0
27.0	46.0	0.0
28.0	46.0	0.0
29.0	46.0	0.0
30.0	46.0	0.0
31.0	46.0	0.0
32.0	46.0	0.0
33.0	46.0	0.0
34.0	46.0	0.0
35.0	46.0	0.0
36.0	46.0	0.0
37.0	46.0	0.0
38.0	46.0	0.0
39.0	46.0	0.0
40.0	46.0	0.0
41.0	46.0	0.0
42.0	46.0	0.0
43.0	46.0	0.0
44.0	46.0	0.0
45.0	46.0	0.0
46.0	46.0	0.0
47.0	46.0	0.0
48.0	46.0	0.0
49.0	46.0	0.0
50.0	46.0	0.0

1.0	47.0	4074.0
2.0	47.0	3845.0
3.0	47.0	3954.0
4.0	47.0	3746.0
5.0	47.0	0.0
6.0	47.0	0.0
7.0	47.0	0.0
8.0	47.0	0.0
9.0	47.0	0.0
10.0	47.0	0.0
11.0	47.0	0.0
12.0	47.0	0.0
13.0	47.0	0.0
14.0	47.0	0.0
15.0	47.0	0.0
16.0	47.0	0.0
17.0	47.0	0.0
18.0	47.0	0.0
19.0	47.0	0.0
20.0	47.0	0.0
21.0	47.0	0.0
22.0	47.0	0.0
23.0	47.0	0.0
24.0	47.0	0.0
25.0	47.0	0.0
26.0	47.0	0.0
27.0	47.0	0.0
28.0	47.0	0.0
29.0	47.0	0.0
30.0	47.0	0.0
31.0	47.0	0.0
32.0	47.0	0.0
33.0	47.0	0.0
34.0	47.0	0.0
35.0	47.0	0.0
36.0	47.0	0.0
37.0	47.0	0.0
38.0	47.0	0.0
39.0	47.0	0.0
40.0	47.0	0.0
41.0	47.0	0.0
42.0	47.0	0.0
43.0	47.0	0.0
44.0	47.0	0.0
45.0	47.0	0.0
46.0	47.0	0.0
47.0	47.0	0.0
48.0	47.0	0.0
49.0	47.0	0.0
50.0	47.0	0.0

1.0	48.0	4259.0
2.0	48.0	4116.0
3.0	48.0	4169.0
4.0	48.0	0.0
5.0	48.0	0.0
6.0	48.0	0.0
7.0	48.0	0.0
8.0	48.0	0.0
9.0	48.0	0.0
10.0	48.0	0.0
11.0	48.0	0.0
12.0	48.0	0.0
13.0	48.0	0.0
14.0	48.0	0.0
15.0	48.0	0.0
16.0	48.0	0.0
17.0	48.0	0.0
18.0	48.0	0.0
19.0	48.0	0.0
20.0	48.0	0.0
21.0	48.0	0.0
22.0	48.0	0.0
23.0	48.0	0.0
24.0	48.0	0.0
25.0	48.0	0.0
26.0	48.0	0.0
27.0	48.0	0.0
28.0	48.0	0.0
29.0	48.0	0.0
30.0	48.0	0.0
31.0	48.0	0.0
32.0	48.0	0.0
33.0	48.0	0.0
34.0	48.0	0.0
35.0	48.0	0.0
36.0	48.0	0.0
37.0	48.0	0.0
38.0	48.0	0.0
39.0	48.0	0.0
40.0	48.0	0.0
41.0	48.0	0.0
42.0	48.0	0.0
43.0	48.0	0.0
44.0	48.0	0.0
45.0	48.0	0.0
46.0	48.0	0.0
47.0	48.0	0.0
48.0	48.0	0.0
49.0	48.0	0.0
50.0	48.0	0.0

1.0	49.0	3974.0
2.0	49.0	4044.0
3.0	49.0	0.0
4.0	49.0	0.0
5.0	49.0	0.0
6.0	49.0	0.0
7.0	49.0	0.0
8.0	49.0	0.0
9.0	49.0	0.0
10.0	49.0	0.0
11.0	49.0	0.0
12.0	49.0	0.0
13.0	49.0	0.0
14.0	49.0	0.0
15.0	49.0	0.0
16.0	49.0	0.0
17.0	49.0	0.0
18.0	49.0	0.0
19.0	49.0	0.0
20.0	49.0	0.0
21.0	49.0	0.0
22.0	49.0	0.0
23.0	49.0	0.0
24.0	49.0	0.0
25.0	49.0	0.0
26.0	49.0	0.0
27.0	49.0	0.0
28.0	49.0	0.0
29.0	49.0	0.0
30.0	49.0	0.0
31.0	49.0	0.0
32.0	49.0	0.0
33.0	49.0	0.0
34.0	49.0	0.0
35.0	49.0	0.0
36.0	49.0	0.0
37.0	49.0	0.0
38.0	49.0	0.0
39.0	49.0	0.0
40.0	49.0	0.0
41.0	49.0	0.0
42.0	49.0	0.0
43.0	49.0	0.0
44.0	49.0	0.0
45.0	49.0	0.0
46.0	49.0	0.0
47.0	49.0	0.0
48.0	49.0	0.0
49.0	49.0	0.0
50.0	49.0	0.0

1.0	50.0	3764.0
2.0	50.0	0.0
3.0	50.0	0.0
4.0	50.0	0.0
5.0	50.0	0.0
6.0	50.0	0.0
7.0	50.0	0.0
8.0	50.0	0.0
9.0	50.0	0.0
10.0	50.0	0.0
11.0	50.0	0.0
12.0	50.0	0.0
13.0	50.0	0.0
14.0	50.0	0.0
15.0	50.0	0.0
16.0	50.0	0.0
17.0	50.0	0.0
18.0	50.0	0.0
19.0	50.0	0.0
20.0	50.0	0.0
21.0	50.0	0.0
22.0	50.0	0.0
23.0	50.0	0.0
24.0	50.0	0.0
25.0	50.0	0.0
26.0	50.0	0.0
27.0	50.0	0.0
28.0	50.0	0.0
29.0	50.0	0.0
30.0	50.0	0.0
31.0	50.0	0.0
32.0	50.0	0.0
33.0	50.0	0.0
34.0	50.0	0.0
35.0	50.0	0.0
36.0	50.0	0.0
37.0	50.0	0.0
38.0	50.0	0.0
39.0	50.0	0.0
40.0	50.0	0.0
41.0	50.0	0.0
42.0	50.0	0.0
43.0	50.0	0.0
44.0	50.0	0.0
45.0	50.0	0.0
46.0	50.0	0.0
47.0	50.0	0.0
48.0	50.0	0.0
49.0	50.0	0.0
50.0	50.0	0.0


