Length	Start	data
1.0	1.0	2034.0
2.0	1.0	1792.0
3.0	1.0	1625.0
4.0	1.0	1518.0
5.0	1.0	1216.0
6.0	1.0	1178.0
7.0	1.0	1077.0
8.0	1.0	1051.0
9.0	1.0	989.0
10.0	1.0	912.0
11.0	1.0	814.0
12.0	1.0	767.0
13.0	1.0	750.0
14.0	1.0	757.0
15.0	1.0	692.0
16.0	1.0	612.0
17.0	1.0	649.0
18.0	1.0	539.0
19.0	1.0	528.0
20.0	1.0	547.0
21.0	1.0	506.0
22.0	1.0	492.0
23.0	1.0	412.0
24.0	1.0	359.0
25.0	1.0	354.0
26.0	1.0	337.0
27.0	1.0	326.0
28.0	1.0	300.0
29.0	1.0	310.0
30.0	1.0	263.0
31.0	1.0	288.0
32.0	1.0	268.0
33.0	1.0	248.0
34.0	1.0	249.0
35.0	1.0	217.0
36.0	1.0	215.0
37.0	1.0	171.0
38.0	1.0	175.0
39.0	1.0	0.0
40.0	1.0	141.0
41.0	1.0	133.0
42.0	1.0	122.0
43.0	1.0	129.0
44.0	1.0	121.0
45.0	1.0	104.0
46.0	1.0	105.0
47.0	1.0	73.0
48.0	1.0	68.0
49.0	1.0	54.0
50.0	1.0	67.0

1.0	2.0	2126.0
2.0	2.0	1884.0
3.0	2.0	1432.0
4.0	2.0	1241.0
5.0	2.0	1107.0
6.0	2.0	1036.0
7.0	2.0	1037.0
8.0	2.0	909.0
9.0	2.0	871.0
10.0	2.0	827.0
11.0	2.0	774.0
12.0	2.0	757.0
13.0	2.0	767.0
14.0	2.0	662.0
15.0	2.0	730.0
16.0	2.0	644.0
17.0	2.0	624.0
18.0	2.0	604.0
19.0	2.0	569.0
20.0	2.0	519.0
21.0	2.0	487.0
22.0	2.0	488.0
23.0	2.0	453.0
24.0	2.0	457.0
25.0	2.0	425.0
26.0	2.0	387.0
27.0	2.0	376.0
28.0	2.0	356.0
29.0	2.0	378.0
30.0	2.0	340.0
31.0	2.0	338.0
32.0	2.0	318.0
33.0	2.0	277.0
34.0	2.0	281.0
35.0	2.0	261.0
36.0	2.0	250.0
37.0	2.0	227.0
38.0	2.0	231.0
39.0	2.0	232.0
40.0	2.0	209.0
41.0	2.0	177.0
42.0	2.0	208.0
43.0	2.0	209.0
44.0	2.0	177.0
45.0	2.0	169.0
46.0	2.0	137.0
47.0	2.0	147.0
48.0	2.0	127.0
49.0	2.0	101.0
50.0	2.0	0.0

1.0	3.0	1928.0
2.0	3.0	2096.0
3.0	3.0	2073.0
4.0	3.0	1822.0
5.0	3.0	1712.0
6.0	3.0	1890.0
7.0	3.0	1474.0
8.0	3.0	1133.0
9.0	3.0	1029.0
10.0	3.0	1033.0
11.0	3.0	950.0
12.0	3.0	933.0
13.0	3.0	895.0
14.0	3.0	779.0
15.0	3.0	699.0
16.0	3.0	682.0
17.0	3.0	608.0
18.0	3.0	627.0
19.0	3.0	607.0
20.0	3.0	617.0
21.0	3.0	609.0
22.0	3.0	541.0
23.0	3.0	536.0
24.0	3.0	495.0
25.0	3.0	454.0
26.0	3.0	464.0
27.0	3.0	417.0
28.0	3.0	409.0
29.0	3.0	365.0
30.0	3.0	384.0
31.0	3.0	343.0
32.0	3.0	347.0
33.0	3.0	312.0
34.0	3.0	355.0
35.0	3.0	332.0
36.0	3.0	285.0
37.0	3.0	295.0
38.0	3.0	290.0
39.0	3.0	279.0
40.0	3.0	301.0
41.0	3.0	209.0
42.0	3.0	273.0
43.0	3.0	226.0
44.0	3.0	230.0
45.0	3.0	246.0
46.0	3.0	223.0
47.0	3.0	200.0
48.0	3.0	186.0
49.0	3.0	0.0
50.0	3.0	0.0

1.0	4.0	2040.0
2.0	4.0	1903.0
3.0	4.0	1721.0
4.0	4.0	1785.0
5.0	4.0	1363.0
6.0	4.0	1181.0
7.0	4.0	1140.0
8.0	4.0	1147.0
9.0	4.0	1001.0
10.0	4.0	1011.0
11.0	4.0	919.0
12.0	4.0	893.0
13.0	4.0	798.0
14.0	4.0	830.0
15.0	4.0	773.0
16.0	4.0	810.0
17.0	4.0	757.0
18.0	4.0	764.0
19.0	4.0	681.0
20.0	4.0	646.0
21.0	4.0	614.0
22.0	4.0	627.0
23.0	4.0	541.0
24.0	4.0	593.0
25.0	4.0	522.0
26.0	4.0	535.0
27.0	4.0	557.0
28.0	4.0	519.0
29.0	4.0	487.0
30.0	4.0	440.0
31.0	4.0	450.0
32.0	4.0	371.0
33.0	4.0	401.0
34.0	4.0	411.0
35.0	4.0	334.0
36.0	4.0	371.0
37.0	4.0	324.0
38.0	4.0	364.0
39.0	4.0	332.0
40.0	4.0	309.0
41.0	4.0	316.0
42.0	4.0	248.0
43.0	4.0	232.0
44.0	4.0	244.0
45.0	4.0	257.0
46.0	4.0	282.0
47.0	4.0	244.0
48.0	4.0	0.0
49.0	4.0	0.0
50.0	4.0	0.0

1.0	5.0	2156.0
2.0	5.0	1761.0
3.0	5.0	1564.0
4.0	5.0	1409.0
5.0	5.0	1188.0
6.0	5.0	1123.0
7.0	5.0	1040.0
8.0	5.0	1074.0
9.0	5.0	979.0
10.0	5.0	929.0
11.0	5.0	891.0
12.0	5.0	913.0
13.0	5.0	914.0
14.0	5.0	861.0
15.0	5.0	856.0
16.0	5.0	755.0
17.0	5.0	780.0
18.0	5.0	733.0
19.0	5.0	680.0
20.0	5.0	702.0
21.0	5.0	616.0
22.0	5.0	590.0
23.0	5.0	579.0
24.0	5.0	544.0
25.0	5.0	533.0
26.0	5.0	513.0
27.0	5.0	535.0
28.0	5.0	491.0
29.0	5.0	462.0
30.0	5.0	442.0
31.0	5.0	446.0
32.0	5.0	408.0
33.0	5.0	400.0
34.0	5.0	410.0
35.0	5.0	408.0
36.0	5.0	424.0
37.0	5.0	395.0
38.0	5.0	357.0
39.0	5.0	346.0
40.0	5.0	356.0
41.0	5.0	257.0
42.0	5.0	313.0
43.0	5.0	323.0
44.0	5.0	327.0
45.0	5.0	313.0
46.0	5.0	311.0
47.0	5.0	0.0
48.0	5.0	0.0
49.0	5.0	0.0
50.0	5.0	0.0

1.0	6.0	2200.0
2.0	6.0	2213.0
3.0	6.0	1884.0
4.0	6.0	1438.0
5.0	6.0	1352.0
6.0	6.0	1251.0
7.0	6.0	1201.0
8.0	6.0	1112.0
9.0	6.0	1023.0
10.0	6.0	922.0
11.0	6.0	917.0
12.0	6.0	861.0
13.0	6.0	877.0
14.0	6.0	812.0
15.0	6.0	801.0
16.0	6.0	748.0
17.0	6.0	707.0
18.0	6.0	669.0
19.0	6.0	658.0
20.0	6.0	671.0
21.0	6.0	645.0
22.0	6.0	625.0
23.0	6.0	581.0
24.0	6.0	564.0
25.0	6.0	616.0
26.0	6.0	596.0
27.0	6.0	537.0
28.0	6.0	508.0
29.0	6.0	554.0
30.0	6.0	495.0
31.0	6.0	481.0
32.0	6.0	488.0
33.0	6.0	531.0
34.0	6.0	484.0
35.0	6.0	446.0
36.0	6.0	441.0
37.0	6.0	448.0
38.0	6.0	364.0
39.0	6.0	435.0
40.0	6.0	475.0
41.0	6.0	413.0
42.0	6.0	444.0
43.0	6.0	409.0
44.0	6.0	265.0
45.0	6.0	378.0
46.0	6.0	0.0
47.0	6.0	0.0
48.0	6.0	0.0
49.0	6.0	0.0
50.0	6.0	0.0

1.0	7.0	1845.0
2.0	7.0	1606.0
3.0	7.0	1475.0
4.0	7.0	1344.0
5.0	7.0	1324.0
6.0	7.0	1307.0
7.0	7.0	1170.0
8.0	7.0	1078.0
9.0	7.0	1025.0
10.0	7.0	957.0
11.0	7.0	976.0
12.0	7.0	923.0
13.0	7.0	849.0
14.0	7.0	853.0
15.0	7.0	803.0
16.0	7.0	765.0
17.0	7.0	763.0
18.0	7.0	737.0
19.0	7.0	750.0
20.0	7.0	685.0
21.0	7.0	707.0
22.0	7.0	633.0
23.0	7.0	628.0
24.0	7.0	626.0
25.0	7.0	636.0
26.0	7.0	628.0
27.0	7.0	563.0
28.0	7.0	540.0
29.0	7.0	491.0
30.0	7.0	566.0
31.0	7.0	507.0
32.0	7.0	481.0
33.0	7.0	482.0
34.0	7.0	483.0
35.0	7.0	472.0
36.0	7.0	482.0
37.0	7.0	489.0
38.0	7.0	427.0
39.0	7.0	443.0
40.0	7.0	394.0
41.0	7.0	460.0
42.0	7.0	395.0
43.0	7.0	444.0
44.0	7.0	379.0
45.0	7.0	0.0
46.0	7.0	0.0
47.0	7.0	0.0
48.0	7.0	0.0
49.0	7.0	0.0
50.0	7.0	0.0

1.0	8.0	2054.0
2.0	8.0	1989.0
3.0	8.0	1921.0
4.0	8.0	1520.0
5.0	8.0	1314.0
6.0	8.0	1294.0
7.0	8.0	1217.0
8.0	8.0	1170.0
9.0	8.0	1090.0
10.0	8.0	1025.0
11.0	8.0	945.0
12.0	8.0	994.0
13.0	8.0	944.0
14.0	8.0	879.0
15.0	8.0	886.0
16.0	8.0	848.0
17.0	8.0	801.0
18.0	8.0	748.0
19.0	8.0	737.0
20.0	8.0	784.0
21.0	8.0	817.0
22.0	8.0	746.0
23.0	8.0	726.0
24.0	8.0	703.0
25.0	8.0	716.0
26.0	8.0	705.0
27.0	8.0	676.0
28.0	8.0	638.0
29.0	8.0	615.0
30.0	8.0	601.0
31.0	8.0	599.0
32.0	8.0	516.0
33.0	8.0	485.0
34.0	8.0	563.0
35.0	8.0	507.0
36.0	8.0	512.0
37.0	8.0	539.0
38.0	8.0	487.0
39.0	8.0	484.0
40.0	8.0	454.0
41.0	8.0	516.0
42.0	8.0	478.0
43.0	8.0	548.0
44.0	8.0	0.0
45.0	8.0	0.0
46.0	8.0	0.0
47.0	8.0	0.0
48.0	8.0	0.0
49.0	8.0	0.0
50.0	8.0	0.0

1.0	9.0	2191.0
2.0	9.0	1883.0
3.0	9.0	1585.0
4.0	9.0	1633.0
5.0	9.0	1496.0
6.0	9.0	1560.0
7.0	9.0	1223.0
8.0	9.0	1211.0
9.0	9.0	1125.0
10.0	9.0	1147.0
11.0	9.0	1091.0
12.0	9.0	1080.0
13.0	9.0	1081.0
14.0	9.0	1028.0
15.0	9.0	948.0
16.0	9.0	1015.0
17.0	9.0	953.0
18.0	9.0	939.0
19.0	9.0	871.0
20.0	9.0	902.0
21.0	9.0	789.0
22.0	9.0	790.0
23.0	9.0	794.0
24.0	9.0	756.0
25.0	9.0	724.0
26.0	9.0	671.0
27.0	9.0	649.0
28.0	9.0	685.0
29.0	9.0	716.0
30.0	9.0	663.0
31.0	9.0	613.0
32.0	9.0	611.0
33.0	9.0	582.0
34.0	9.0	589.0
35.0	9.0	617.0
36.0	9.0	579.0
37.0	9.0	494.0
38.0	9.0	572.0
39.0	9.0	480.0
40.0	9.0	514.0
41.0	9.0	560.0
42.0	9.0	516.0
43.0	9.0	0.0
44.0	9.0	0.0
45.0	9.0	0.0
46.0	9.0	0.0
47.0	9.0	0.0
48.0	9.0	0.0
49.0	9.0	0.0
50.0	9.0	0.0

1.0	10.0	1838.0
2.0	10.0	1891.0
3.0	10.0	1874.0
4.0	10.0	1560.0
5.0	10.0	1480.0
6.0	10.0	1481.0
7.0	10.0	1326.0
8.0	10.0	1198.0
9.0	10.0	1218.0
10.0	10.0	1317.0
11.0	10.0	1309.0
12.0	10.0	1134.0
13.0	10.0	1167.0
14.0	10.0	1201.0
15.0	10.0	998.0
16.0	10.0	948.0
17.0	10.0	1000.0
18.0	10.0	989.0
19.0	10.0	809.0
20.0	10.0	832.0
21.0	10.0	798.0
22.0	10.0	783.0
23.0	10.0	835.0
24.0	10.0	812.0
25.0	10.0	783.0
26.0	10.0	730.0
27.0	10.0	797.0
28.0	10.0	795.0
29.0	10.0	721.0
30.0	10.0	728.0
31.0	10.0	735.0
32.0	10.0	781.0
33.0	10.0	635.0
34.0	10.0	726.0
35.0	10.0	709.0
36.0	10.0	632.0
37.0	10.0	610.0
38.0	10.0	661.0
39.0	10.0	620.0
40.0	10.0	612.0
41.0	10.0	595.0
42.0	10.0	0.0
43.0	10.0	0.0
44.0	10.0	0.0
45.0	10.0	0.0
46.0	10.0	0.0
47.0	10.0	0.0
48.0	10.0	0.0
49.0	10.0	0.0
50.0	10.0	0.0

1.0	11.0	1898.0
2.0	11.0	1875.0
3.0	11.0	1558.0
4.0	11.0	1580.0
5.0	11.0	1512.0
6.0	11.0	1474.0
7.0	11.0	1283.0
8.0	11.0	1359.0
9.0	11.0	1123.0
10.0	11.0	1115.0
11.0	11.0	1060.0
12.0	11.0	1093.0
13.0	11.0	1058.0
14.0	11.0	918.0
15.0	11.0	961.0
16.0	11.0	911.0
17.0	11.0	894.0
18.0	11.0	1000.0
19.0	11.0	866.0
20.0	11.0	894.0
21.0	11.0	832.0
22.0	11.0	803.0
23.0	11.0	762.0
24.0	11.0	784.0
25.0	11.0	791.0
26.0	11.0	741.0
27.0	11.0	748.0
28.0	11.0	752.0
29.0	11.0	720.0
30.0	11.0	766.0
31.0	11.0	707.0
32.0	11.0	753.0
33.0	11.0	683.0
34.0	11.0	650.0
35.0	11.0	687.0
36.0	11.0	721.0
37.0	11.0	635.0
38.0	11.0	645.0
39.0	11.0	607.0
40.0	11.0	638.0
41.0	11.0	0.0
42.0	11.0	0.0
43.0	11.0	0.0
44.0	11.0	0.0
45.0	11.0	0.0
46.0	11.0	0.0
47.0	11.0	0.0
48.0	11.0	0.0
49.0	11.0	0.0
50.0	11.0	0.0

1.0	12.0	1886.0
2.0	12.0	1749.0
3.0	12.0	1488.0
4.0	12.0	1471.0
5.0	12.0	1424.0
6.0	12.0	1344.0
7.0	12.0	1249.0
8.0	12.0	1169.0
9.0	12.0	1179.0
10.0	12.0	1135.0
11.0	12.0	1103.0
12.0	12.0	1062.0
13.0	12.0	992.0
14.0	12.0	1010.0
15.0	12.0	1020.0
16.0	12.0	991.0
17.0	12.0	887.0
18.0	12.0	915.0
19.0	12.0	925.0
20.0	12.0	887.0
21.0	12.0	828.0
22.0	12.0	850.0
23.0	12.0	887.0
24.0	12.0	798.0
25.0	12.0	749.0
26.0	12.0	798.0
27.0	12.0	744.0
28.0	12.0	721.0
29.0	12.0	756.0
30.0	12.0	726.0
31.0	12.0	715.0
32.0	12.0	734.0
33.0	12.0	723.0
34.0	12.0	715.0
35.0	12.0	668.0
36.0	12.0	654.0
37.0	12.0	679.0
38.0	12.0	626.0
39.0	12.0	648.0
40.0	12.0	0.0
41.0	12.0	0.0
42.0	12.0	0.0
43.0	12.0	0.0
44.0	12.0	0.0
45.0	12.0	0.0
46.0	12.0	0.0
47.0	12.0	0.0
48.0	12.0	0.0
49.0	12.0	0.0
50.0	12.0	0.0

1.0	13.0	2109.0
2.0	13.0	1756.0
3.0	13.0	1522.0
4.0	13.0	1473.0
5.0	13.0	1426.0
6.0	13.0	1283.0
7.0	13.0	1297.0
8.0	13.0	1195.0
9.0	13.0	1346.0
10.0	13.0	1239.0
11.0	13.0	1135.0
12.0	13.0	1121.0
13.0	13.0	1062.0
14.0	13.0	1045.0
15.0	13.0	1073.0
16.0	13.0	987.0
17.0	13.0	932.0
18.0	13.0	917.0
19.0	13.0	912.0
20.0	13.0	916.0
21.0	13.0	863.0
22.0	13.0	858.0
23.0	13.0	877.0
24.0	13.0	785.0
25.0	13.0	804.0
26.0	13.0	784.0
27.0	13.0	749.0
28.0	13.0	750.0
29.0	13.0	817.0
30.0	13.0	776.0
31.0	13.0	723.0
32.0	13.0	736.0
33.0	13.0	746.0
34.0	13.0	693.0
35.0	13.0	676.0
36.0	13.0	713.0
37.0	13.0	681.0
38.0	13.0	694.0
39.0	13.0	0.0
40.0	13.0	0.0
41.0	13.0	0.0
42.0	13.0	0.0
43.0	13.0	0.0
44.0	13.0	0.0
45.0	13.0	0.0
46.0	13.0	0.0
47.0	13.0	0.0
48.0	13.0	0.0
49.0	13.0	0.0
50.0	13.0	0.0

1.0	14.0	2345.0
2.0	14.0	1938.0
3.0	14.0	1720.0
4.0	14.0	1646.0
5.0	14.0	1530.0
6.0	14.0	1462.0
7.0	14.0	1406.0
8.0	14.0	1339.0
9.0	14.0	1220.0
10.0	14.0	1226.0
11.0	14.0	1254.0
12.0	14.0	1147.0
13.0	14.0	1205.0
14.0	14.0	1125.0
15.0	14.0	1132.0
16.0	14.0	1082.0
17.0	14.0	1047.0
18.0	14.0	1132.0
19.0	14.0	972.0
20.0	14.0	993.0
21.0	14.0	1051.0
22.0	14.0	998.0
23.0	14.0	948.0
24.0	14.0	940.0
25.0	14.0	1001.0
26.0	14.0	912.0
27.0	14.0	791.0
28.0	14.0	944.0
29.0	14.0	817.0
30.0	14.0	856.0
31.0	14.0	869.0
32.0	14.0	861.0
33.0	14.0	859.0
34.0	14.0	831.0
35.0	14.0	847.0
36.0	14.0	790.0
37.0	14.0	842.0
38.0	14.0	0.0
39.0	14.0	0.0
40.0	14.0	0.0
41.0	14.0	0.0
42.0	14.0	0.0
43.0	14.0	0.0
44.0	14.0	0.0
45.0	14.0	0.0
46.0	14.0	0.0
47.0	14.0	0.0
48.0	14.0	0.0
49.0	14.0	0.0
50.0	14.0	0.0

1.0	15.0	2050.0
2.0	15.0	1832.0
3.0	15.0	1665.0
4.0	15.0	1531.0
5.0	15.0	1508.0
6.0	15.0	1548.0
7.0	15.0	1411.0
8.0	15.0	1365.0
9.0	15.0	1350.0
10.0	15.0	1294.0
11.0	15.0	1244.0
12.0	15.0	1200.0
13.0	15.0	1174.0
14.0	15.0	1121.0
15.0	15.0	1077.0
16.0	15.0	1120.0
17.0	15.0	1019.0
18.0	15.0	993.0
19.0	15.0	938.0
20.0	15.0	969.0
21.0	15.0	1008.0
22.0	15.0	967.0
23.0	15.0	953.0
24.0	15.0	978.0
25.0	15.0	949.0
26.0	15.0	890.0
27.0	15.0	867.0
28.0	15.0	880.0
29.0	15.0	866.0
30.0	15.0	807.0
31.0	15.0	847.0
32.0	15.0	833.0
33.0	15.0	810.0
34.0	15.0	799.0
35.0	15.0	782.0
36.0	15.0	774.0
37.0	15.0	0.0
38.0	15.0	0.0
39.0	15.0	0.0
40.0	15.0	0.0
41.0	15.0	0.0
42.0	15.0	0.0
43.0	15.0	0.0
44.0	15.0	0.0
45.0	15.0	0.0
46.0	15.0	0.0
47.0	15.0	0.0
48.0	15.0	0.0
49.0	15.0	0.0
50.0	15.0	0.0

1.0	16.0	2193.0
2.0	16.0	2101.0
3.0	16.0	1802.0
4.0	16.0	1695.0
5.0	16.0	1567.0
6.0	16.0	1622.0
7.0	16.0	1512.0
8.0	16.0	1462.0
9.0	16.0	1439.0
10.0	16.0	1422.0
11.0	16.0	1244.0
12.0	16.0	1205.0
13.0	16.0	1176.0
14.0	16.0	1201.0
15.0	16.0	1208.0
16.0	16.0	1155.0
17.0	16.0	1114.0
18.0	16.0	1121.0
19.0	16.0	1021.0
20.0	16.0	1111.0
21.0	16.0	1061.0
22.0	16.0	1065.0
23.0	16.0	979.0
24.0	16.0	1061.0
25.0	16.0	969.0
26.0	16.0	997.0
27.0	16.0	956.0
28.0	16.0	967.0
29.0	16.0	973.0
30.0	16.0	995.0
31.0	16.0	996.0
32.0	16.0	988.0
33.0	16.0	962.0
34.0	16.0	888.0
35.0	16.0	958.0
36.0	16.0	0.0
37.0	16.0	0.0
38.0	16.0	0.0
39.0	16.0	0.0
40.0	16.0	0.0
41.0	16.0	0.0
42.0	16.0	0.0
43.0	16.0	0.0
44.0	16.0	0.0
45.0	16.0	0.0
46.0	16.0	0.0
47.0	16.0	0.0
48.0	16.0	0.0
49.0	16.0	0.0
50.0	16.0	0.0

1.0	17.0	1937.0
2.0	17.0	1938.0
3.0	17.0	1741.0
4.0	17.0	1697.0
5.0	17.0	1560.0
6.0	17.0	1520.0
7.0	17.0	1550.0
8.0	17.0	1399.0
9.0	17.0	1379.0
10.0	17.0	1436.0
11.0	17.0	1362.0
12.0	17.0	1339.0
13.0	17.0	1301.0
14.0	17.0	1311.0
15.0	17.0	1258.0
16.0	17.0	1160.0
17.0	17.0	1104.0
18.0	17.0	1120.0
19.0	17.0	1157.0
20.0	17.0	1140.0
21.0	17.0	1105.0
22.0	17.0	1007.0
23.0	17.0	1032.0
24.0	17.0	976.0
25.0	17.0	983.0
26.0	17.0	1023.0
27.0	17.0	991.0
28.0	17.0	977.0
29.0	17.0	954.0
30.0	17.0	937.0
31.0	17.0	953.0
32.0	17.0	969.0
33.0	17.0	880.0
34.0	17.0	854.0
35.0	17.0	0.0
36.0	17.0	0.0
37.0	17.0	0.0
38.0	17.0	0.0
39.0	17.0	0.0
40.0	17.0	0.0
41.0	17.0	0.0
42.0	17.0	0.0
43.0	17.0	0.0
44.0	17.0	0.0
45.0	17.0	0.0
46.0	17.0	0.0
47.0	17.0	0.0
48.0	17.0	0.0
49.0	17.0	0.0
50.0	17.0	0.0

1.0	18.0	2179.0
2.0	18.0	2168.0
3.0	18.0	1890.0
4.0	18.0	1708.0
5.0	18.0	1745.0
6.0	18.0	1737.0
7.0	18.0	1645.0
8.0	18.0	1509.0
9.0	18.0	1539.0
10.0	18.0	1411.0
11.0	18.0	1346.0
12.0	18.0	1371.0
13.0	18.0	1337.0
14.0	18.0	1256.0
15.0	18.0	1290.0
16.0	18.0	1208.0
17.0	18.0	1244.0
18.0	18.0	1165.0
19.0	18.0	1127.0
20.0	18.0	1193.0
21.0	18.0	1120.0
22.0	18.0	1120.0
23.0	18.0	1115.0
24.0	18.0	1128.0
25.0	18.0	1117.0
26.0	18.0	1085.0
27.0	18.0	1128.0
28.0	18.0	1042.0
29.0	18.0	1082.0
30.0	18.0	1050.0
31.0	18.0	1054.0
32.0	18.0	994.0
33.0	18.0	1110.0
34.0	18.0	0.0
35.0	18.0	0.0
36.0	18.0	0.0
37.0	18.0	0.0
38.0	18.0	0.0
39.0	18.0	0.0
40.0	18.0	0.0
41.0	18.0	0.0
42.0	18.0	0.0
43.0	18.0	0.0
44.0	18.0	0.0
45.0	18.0	0.0
46.0	18.0	0.0
47.0	18.0	0.0
48.0	18.0	0.0
49.0	18.0	0.0
50.0	18.0	0.0

1.0	19.0	2019.0
2.0	19.0	1937.0
3.0	19.0	1919.0
4.0	19.0	1670.0
5.0	19.0	1669.0
6.0	19.0	1541.0
7.0	19.0	1458.0
8.0	19.0	1564.0
9.0	19.0	1490.0
10.0	19.0	1452.0
11.0	19.0	1395.0
12.0	19.0	1334.0
13.0	19.0	1299.0
14.0	19.0	1312.0
15.0	19.0	1250.0
16.0	19.0	1245.0
17.0	19.0	1216.0
18.0	19.0	1181.0
19.0	19.0	1254.0
20.0	19.0	1219.0
21.0	19.0	1071.0
22.0	19.0	1131.0
23.0	19.0	1120.0
24.0	19.0	1148.0
25.0	19.0	1119.0
26.0	19.0	1079.0
27.0	19.0	1112.0
28.0	19.0	1110.0
29.0	19.0	1045.0
30.0	19.0	1076.0
31.0	19.0	1002.0
32.0	19.0	1024.0
33.0	19.0	0.0
34.0	19.0	0.0
35.0	19.0	0.0
36.0	19.0	0.0
37.0	19.0	0.0
38.0	19.0	0.0
39.0	19.0	0.0
40.0	19.0	0.0
41.0	19.0	0.0
42.0	19.0	0.0
43.0	19.0	0.0
44.0	19.0	0.0
45.0	19.0	0.0
46.0	19.0	0.0
47.0	19.0	0.0
48.0	19.0	0.0
49.0	19.0	0.0
50.0	19.0	0.0

1.0	20.0	2309.0
2.0	20.0	1773.0
3.0	20.0	1676.0
4.0	20.0	1655.0
5.0	20.0	1572.0
6.0	20.0	1609.0
7.0	20.0	1464.0
8.0	20.0	1435.0
9.0	20.0	1441.0
10.0	20.0	1448.0
11.0	20.0	1291.0
12.0	20.0	1342.0
13.0	20.0	1269.0
14.0	20.0	1315.0
15.0	20.0	1306.0
16.0	20.0	1319.0
17.0	20.0	1179.0
18.0	20.0	1279.0
19.0	20.0	1253.0
20.0	20.0	1242.0
21.0	20.0	1267.0
22.0	20.0	1202.0
23.0	20.0	1188.0
24.0	20.0	1240.0
25.0	20.0	1118.0
26.0	20.0	1098.0
27.0	20.0	1171.0
28.0	20.0	1166.0
29.0	20.0	1134.0
30.0	20.0	1102.0
31.0	20.0	1046.0
32.0	20.0	0.0
33.0	20.0	0.0
34.0	20.0	0.0
35.0	20.0	0.0
36.0	20.0	0.0
37.0	20.0	0.0
38.0	20.0	0.0
39.0	20.0	0.0
40.0	20.0	0.0
41.0	20.0	0.0
42.0	20.0	0.0
43.0	20.0	0.0
44.0	20.0	0.0
45.0	20.0	0.0
46.0	20.0	0.0
47.0	20.0	0.0
48.0	20.0	0.0
49.0	20.0	0.0
50.0	20.0	0.0

1.0	21.0	1984.0
2.0	21.0	1976.0
3.0	21.0	1722.0
4.0	21.0	1615.0
5.0	21.0	1586.0
6.0	21.0	1494.0
7.0	21.0	1526.0
8.0	21.0	1490.0
9.0	21.0	1425.0
10.0	21.0	1519.0
11.0	21.0	1475.0
12.0	21.0	1378.0
13.0	21.0	1306.0
14.0	21.0	1235.0
15.0	21.0	1338.0
16.0	21.0	1321.0
17.0	21.0	1250.0
18.0	21.0	1236.0
19.0	21.0	1231.0
20.0	21.0	1229.0
21.0	21.0	1230.0
22.0	21.0	1216.0
23.0	21.0	1271.0
24.0	21.0	1260.0
25.0	21.0	1106.0
26.0	21.0	1163.0
27.0	21.0	1149.0
28.0	21.0	1168.0
29.0	21.0	1199.0
30.0	21.0	1155.0
31.0	21.0	0.0
32.0	21.0	0.0
33.0	21.0	0.0
34.0	21.0	0.0
35.0	21.0	0.0
36.0	21.0	0.0
37.0	21.0	0.0
38.0	21.0	0.0
39.0	21.0	0.0
40.0	21.0	0.0
41.0	21.0	0.0
42.0	21.0	0.0
43.0	21.0	0.0
44.0	21.0	0.0
45.0	21.0	0.0
46.0	21.0	0.0
47.0	21.0	0.0
48.0	21.0	0.0
49.0	21.0	0.0
50.0	21.0	0.0

1.0	22.0	2025.0
2.0	22.0	1951.0
3.0	22.0	1674.0
4.0	22.0	1608.0
5.0	22.0	1591.0
6.0	22.0	1533.0
7.0	22.0	1626.0
8.0	22.0	1522.0
9.0	22.0	1571.0
10.0	22.0	1470.0
11.0	22.0	1444.0
12.0	22.0	1634.0
13.0	22.0	1497.0
14.0	22.0	1302.0
15.0	22.0	1397.0
16.0	22.0	1258.0
17.0	22.0	1363.0
18.0	22.0	1341.0
19.0	22.0	1326.0
20.0	22.0	1309.0
21.0	22.0	1307.0
22.0	22.0	1272.0
23.0	22.0	1237.0
24.0	22.0	1238.0
25.0	22.0	1221.0
26.0	22.0	1237.0
27.0	22.0	1271.0
28.0	22.0	1230.0
29.0	22.0	1135.0
30.0	22.0	0.0
31.0	22.0	0.0
32.0	22.0	0.0
33.0	22.0	0.0
34.0	22.0	0.0
35.0	22.0	0.0
36.0	22.0	0.0
37.0	22.0	0.0
38.0	22.0	0.0
39.0	22.0	0.0
40.0	22.0	0.0
41.0	22.0	0.0
42.0	22.0	0.0
43.0	22.0	0.0
44.0	22.0	0.0
45.0	22.0	0.0
46.0	22.0	0.0
47.0	22.0	0.0
48.0	22.0	0.0
49.0	22.0	0.0
50.0	22.0	0.0

1.0	23.0	2144.0
2.0	23.0	1867.0
3.0	23.0	1954.0
4.0	23.0	1814.0
5.0	23.0	1716.0
6.0	23.0	1726.0
7.0	23.0	1760.0
8.0	23.0	1614.0
9.0	23.0	1630.0
10.0	23.0	1715.0
11.0	23.0	1728.0
12.0	23.0	1531.0
13.0	23.0	1439.0
14.0	23.0	1506.0
15.0	23.0	1450.0
16.0	23.0	1424.0
17.0	23.0	1368.0
18.0	23.0	1334.0
19.0	23.0	1433.0
20.0	23.0	1377.0
21.0	23.0	1379.0
22.0	23.0	1358.0
23.0	23.0	1371.0
24.0	23.0	1274.0
25.0	23.0	1268.0
26.0	23.0	1320.0
27.0	23.0	1325.0
28.0	23.0	1277.0
29.0	23.0	0.0
30.0	23.0	0.0
31.0	23.0	0.0
32.0	23.0	0.0
33.0	23.0	0.0
34.0	23.0	0.0
35.0	23.0	0.0
36.0	23.0	0.0
37.0	23.0	0.0
38.0	23.0	0.0
39.0	23.0	0.0
40.0	23.0	0.0
41.0	23.0	0.0
42.0	23.0	0.0
43.0	23.0	0.0
44.0	23.0	0.0
45.0	23.0	0.0
46.0	23.0	0.0
47.0	23.0	0.0
48.0	23.0	0.0
49.0	23.0	0.0
50.0	23.0	0.0

1.0	24.0	2050.0
2.0	24.0	1880.0
3.0	24.0	1806.0
4.0	24.0	1672.0
5.0	24.0	1617.0
6.0	24.0	1560.0
7.0	24.0	1489.0
8.0	24.0	1496.0
9.0	24.0	1390.0
10.0	24.0	1438.0
11.0	24.0	1364.0
12.0	24.0	1318.0
13.0	24.0	1390.0
14.0	24.0	1367.0
15.0	24.0	1290.0
16.0	24.0	1303.0
17.0	24.0	1364.0
18.0	24.0	1309.0
19.0	24.0	1378.0
20.0	24.0	1271.0
21.0	24.0	1294.0
22.0	24.0	1276.0
23.0	24.0	1325.0
24.0	24.0	1374.0
25.0	24.0	1234.0
26.0	24.0	1217.0
27.0	24.0	1278.0
28.0	24.0	0.0
29.0	24.0	0.0
30.0	24.0	0.0
31.0	24.0	0.0
32.0	24.0	0.0
33.0	24.0	0.0
34.0	24.0	0.0
35.0	24.0	0.0
36.0	24.0	0.0
37.0	24.0	0.0
38.0	24.0	0.0
39.0	24.0	0.0
40.0	24.0	0.0
41.0	24.0	0.0
42.0	24.0	0.0
43.0	24.0	0.0
44.0	24.0	0.0
45.0	24.0	0.0
46.0	24.0	0.0
47.0	24.0	0.0
48.0	24.0	0.0
49.0	24.0	0.0
50.0	24.0	0.0

1.0	25.0	2013.0
2.0	25.0	1867.0
3.0	25.0	1937.0
4.0	25.0	1992.0
5.0	25.0	1780.0
6.0	25.0	1718.0
7.0	25.0	1788.0
8.0	25.0	1777.0
9.0	25.0	1742.0
10.0	25.0	1644.0
11.0	25.0	1574.0
12.0	25.0	1550.0
13.0	25.0	1626.0
14.0	25.0	1600.0
15.0	25.0	1547.0
16.0	25.0	1536.0
17.0	25.0	1546.0
18.0	25.0	1577.0
19.0	25.0	1579.0
20.0	25.0	1603.0
21.0	25.0	1559.0
22.0	25.0	1422.0
23.0	25.0	1531.0
24.0	25.0	1329.0
25.0	25.0	1419.0
26.0	25.0	1432.0
27.0	25.0	0.0
28.0	25.0	0.0
29.0	25.0	0.0
30.0	25.0	0.0
31.0	25.0	0.0
32.0	25.0	0.0
33.0	25.0	0.0
34.0	25.0	0.0
35.0	25.0	0.0
36.0	25.0	0.0
37.0	25.0	0.0
38.0	25.0	0.0
39.0	25.0	0.0
40.0	25.0	0.0
41.0	25.0	0.0
42.0	25.0	0.0
43.0	25.0	0.0
44.0	25.0	0.0
45.0	25.0	0.0
46.0	25.0	0.0
47.0	25.0	0.0
48.0	25.0	0.0
49.0	25.0	0.0
50.0	25.0	0.0

1.0	26.0	2174.0
2.0	26.0	2076.0
3.0	26.0	1963.0
4.0	26.0	1844.0
5.0	26.0	1884.0
6.0	26.0	1570.0
7.0	26.0	1604.0
8.0	26.0	1581.0
9.0	26.0	1587.0
10.0	26.0	1539.0
11.0	26.0	1545.0
12.0	26.0	1480.0
13.0	26.0	1484.0
14.0	26.0	1401.0
15.0	26.0	1342.0
16.0	26.0	1367.0
17.0	26.0	1377.0
18.0	26.0	1312.0
19.0	26.0	1346.0
20.0	26.0	1386.0
21.0	26.0	1354.0
22.0	26.0	1382.0
23.0	26.0	1233.0
24.0	26.0	1282.0
25.0	26.0	1289.0
26.0	26.0	0.0
27.0	26.0	0.0
28.0	26.0	0.0
29.0	26.0	0.0
30.0	26.0	0.0
31.0	26.0	0.0
32.0	26.0	0.0
33.0	26.0	0.0
34.0	26.0	0.0
35.0	26.0	0.0
36.0	26.0	0.0
37.0	26.0	0.0
38.0	26.0	0.0
39.0	26.0	0.0
40.0	26.0	0.0
41.0	26.0	0.0
42.0	26.0	0.0
43.0	26.0	0.0
44.0	26.0	0.0
45.0	26.0	0.0
46.0	26.0	0.0
47.0	26.0	0.0
48.0	26.0	0.0
49.0	26.0	0.0
50.0	26.0	0.0

1.0	27.0	2131.0
2.0	27.0	1863.0
3.0	27.0	1881.0
4.0	27.0	1840.0
5.0	27.0	1678.0
6.0	27.0	1731.0
7.0	27.0	1551.0
8.0	27.0	1631.0
9.0	27.0	1572.0
10.0	27.0	1540.0
11.0	27.0	1487.0
12.0	27.0	1423.0
13.0	27.0	1480.0
14.0	27.0	1472.0
15.0	27.0	1393.0
16.0	27.0	1405.0
17.0	27.0	1416.0
18.0	27.0	1419.0
19.0	27.0	1339.0
20.0	27.0	1376.0
21.0	27.0	1305.0
22.0	27.0	1331.0
23.0	27.0	1394.0
24.0	27.0	1335.0
25.0	27.0	0.0
26.0	27.0	0.0
27.0	27.0	0.0
28.0	27.0	0.0
29.0	27.0	0.0
30.0	27.0	0.0
31.0	27.0	0.0
32.0	27.0	0.0
33.0	27.0	0.0
34.0	27.0	0.0
35.0	27.0	0.0
36.0	27.0	0.0
37.0	27.0	0.0
38.0	27.0	0.0
39.0	27.0	0.0
40.0	27.0	0.0
41.0	27.0	0.0
42.0	27.0	0.0
43.0	27.0	0.0
44.0	27.0	0.0
45.0	27.0	0.0
46.0	27.0	0.0
47.0	27.0	0.0
48.0	27.0	0.0
49.0	27.0	0.0
50.0	27.0	0.0

1.0	28.0	2079.0
2.0	28.0	1951.0
3.0	28.0	1809.0
4.0	28.0	1834.0
5.0	28.0	1903.0
6.0	28.0	1773.0
7.0	28.0	1755.0
8.0	28.0	1768.0
9.0	28.0	1719.0
10.0	28.0	1603.0
11.0	28.0	1702.0
12.0	28.0	1670.0
13.0	28.0	1585.0
14.0	28.0	1618.0
15.0	28.0	1610.0
16.0	28.0	1656.0
17.0	28.0	1576.0
18.0	28.0	1503.0
19.0	28.0	1465.0
20.0	28.0	1597.0
21.0	28.0	1551.0
22.0	28.0	1527.0
23.0	28.0	1451.0
24.0	28.0	0.0
25.0	28.0	0.0
26.0	28.0	0.0
27.0	28.0	0.0
28.0	28.0	0.0
29.0	28.0	0.0
30.0	28.0	0.0
31.0	28.0	0.0
32.0	28.0	0.0
33.0	28.0	0.0
34.0	28.0	0.0
35.0	28.0	0.0
36.0	28.0	0.0
37.0	28.0	0.0
38.0	28.0	0.0
39.0	28.0	0.0
40.0	28.0	0.0
41.0	28.0	0.0
42.0	28.0	0.0
43.0	28.0	0.0
44.0	28.0	0.0
45.0	28.0	0.0
46.0	28.0	0.0
47.0	28.0	0.0
48.0	28.0	0.0
49.0	28.0	0.0
50.0	28.0	0.0

1.0	29.0	2105.0
2.0	29.0	1923.0
3.0	29.0	1858.0
4.0	29.0	1836.0
5.0	29.0	1716.0
6.0	29.0	1624.0
7.0	29.0	1595.0
8.0	29.0	1550.0
9.0	29.0	1561.0
10.0	29.0	1601.0
11.0	29.0	1436.0
12.0	29.0	1470.0
13.0	29.0	1509.0
14.0	29.0	1462.0
15.0	29.0	1462.0
16.0	29.0	1481.0
17.0	29.0	1524.0
18.0	29.0	1441.0
19.0	29.0	1406.0
20.0	29.0	1294.0
21.0	29.0	1489.0
22.0	29.0	1380.0
23.0	29.0	0.0
24.0	29.0	0.0
25.0	29.0	0.0
26.0	29.0	0.0
27.0	29.0	0.0
28.0	29.0	0.0
29.0	29.0	0.0
30.0	29.0	0.0
31.0	29.0	0.0
32.0	29.0	0.0
33.0	29.0	0.0
34.0	29.0	0.0
35.0	29.0	0.0
36.0	29.0	0.0
37.0	29.0	0.0
38.0	29.0	0.0
39.0	29.0	0.0
40.0	29.0	0.0
41.0	29.0	0.0
42.0	29.0	0.0
43.0	29.0	0.0
44.0	29.0	0.0
45.0	29.0	0.0
46.0	29.0	0.0
47.0	29.0	0.0
48.0	29.0	0.0
49.0	29.0	0.0
50.0	29.0	0.0

1.0	30.0	2122.0
2.0	30.0	2012.0
3.0	30.0	2064.0
4.0	30.0	1771.0
5.0	30.0	1761.0
6.0	30.0	1752.0
7.0	30.0	1711.0
8.0	30.0	1643.0
9.0	30.0	1662.0
10.0	30.0	1660.0
11.0	30.0	1644.0
12.0	30.0	1503.0
13.0	30.0	1642.0
14.0	30.0	1532.0
15.0	30.0	1536.0
16.0	30.0	1505.0
17.0	30.0	1556.0
18.0	30.0	1543.0
19.0	30.0	1535.0
20.0	30.0	1490.0
21.0	30.0	1557.0
22.0	30.0	0.0
23.0	30.0	0.0
24.0	30.0	0.0
25.0	30.0	0.0
26.0	30.0	0.0
27.0	30.0	0.0
28.0	30.0	0.0
29.0	30.0	0.0
30.0	30.0	0.0
31.0	30.0	0.0
32.0	30.0	0.0
33.0	30.0	0.0
34.0	30.0	0.0
35.0	30.0	0.0
36.0	30.0	0.0
37.0	30.0	0.0
38.0	30.0	0.0
39.0	30.0	0.0
40.0	30.0	0.0
41.0	30.0	0.0
42.0	30.0	0.0
43.0	30.0	0.0
44.0	30.0	0.0
45.0	30.0	0.0
46.0	30.0	0.0
47.0	30.0	0.0
48.0	30.0	0.0
49.0	30.0	0.0
50.0	30.0	0.0

1.0	31.0	2094.0
2.0	31.0	2215.0
3.0	31.0	2075.0
4.0	31.0	1911.0
5.0	31.0	1976.0
6.0	31.0	1904.0
7.0	31.0	1944.0
8.0	31.0	1975.0
9.0	31.0	1874.0
10.0	31.0	1812.0
11.0	31.0	1789.0
12.0	31.0	1686.0
13.0	31.0	1674.0
14.0	31.0	1724.0
15.0	31.0	1682.0
16.0	31.0	1650.0
17.0	31.0	1717.0
18.0	31.0	1584.0
19.0	31.0	1656.0
20.0	31.0	1582.0
21.0	31.0	0.0
22.0	31.0	0.0
23.0	31.0	0.0
24.0	31.0	0.0
25.0	31.0	0.0
26.0	31.0	0.0
27.0	31.0	0.0
28.0	31.0	0.0
29.0	31.0	0.0
30.0	31.0	0.0
31.0	31.0	0.0
32.0	31.0	0.0
33.0	31.0	0.0
34.0	31.0	0.0
35.0	31.0	0.0
36.0	31.0	0.0
37.0	31.0	0.0
38.0	31.0	0.0
39.0	31.0	0.0
40.0	31.0	0.0
41.0	31.0	0.0
42.0	31.0	0.0
43.0	31.0	0.0
44.0	31.0	0.0
45.0	31.0	0.0
46.0	31.0	0.0
47.0	31.0	0.0
48.0	31.0	0.0
49.0	31.0	0.0
50.0	31.0	0.0

1.0	32.0	2057.0
2.0	32.0	2022.0
3.0	32.0	1987.0
4.0	32.0	1974.0
5.0	32.0	1953.0
6.0	32.0	1936.0
7.0	32.0	2006.0
8.0	32.0	1812.0
9.0	32.0	1682.0
10.0	32.0	1803.0
11.0	32.0	1896.0
12.0	32.0	1717.0
13.0	32.0	1871.0
14.0	32.0	1732.0
15.0	32.0	1777.0
16.0	32.0	1823.0
17.0	32.0	1773.0
18.0	32.0	1716.0
19.0	32.0	1721.0
20.0	32.0	0.0
21.0	32.0	0.0
22.0	32.0	0.0
23.0	32.0	0.0
24.0	32.0	0.0
25.0	32.0	0.0
26.0	32.0	0.0
27.0	32.0	0.0
28.0	32.0	0.0
29.0	32.0	0.0
30.0	32.0	0.0
31.0	32.0	0.0
32.0	32.0	0.0
33.0	32.0	0.0
34.0	32.0	0.0
35.0	32.0	0.0
36.0	32.0	0.0
37.0	32.0	0.0
38.0	32.0	0.0
39.0	32.0	0.0
40.0	32.0	0.0
41.0	32.0	0.0
42.0	32.0	0.0
43.0	32.0	0.0
44.0	32.0	0.0
45.0	32.0	0.0
46.0	32.0	0.0
47.0	32.0	0.0
48.0	32.0	0.0
49.0	32.0	0.0
50.0	32.0	0.0

1.0	33.0	2176.0
2.0	33.0	2288.0
3.0	33.0	2220.0
4.0	33.0	2041.0
5.0	33.0	2135.0
6.0	33.0	1911.0
7.0	33.0	1942.0
8.0	33.0	1937.0
9.0	33.0	1941.0
10.0	33.0	1897.0
11.0	33.0	1841.0
12.0	33.0	1908.0
13.0	33.0	1936.0
14.0	33.0	1838.0
15.0	33.0	1887.0
16.0	33.0	1930.0
17.0	33.0	1820.0
18.0	33.0	1899.0
19.0	33.0	0.0
20.0	33.0	0.0
21.0	33.0	0.0
22.0	33.0	0.0
23.0	33.0	0.0
24.0	33.0	0.0
25.0	33.0	0.0
26.0	33.0	0.0
27.0	33.0	0.0
28.0	33.0	0.0
29.0	33.0	0.0
30.0	33.0	0.0
31.0	33.0	0.0
32.0	33.0	0.0
33.0	33.0	0.0
34.0	33.0	0.0
35.0	33.0	0.0
36.0	33.0	0.0
37.0	33.0	0.0
38.0	33.0	0.0
39.0	33.0	0.0
40.0	33.0	0.0
41.0	33.0	0.0
42.0	33.0	0.0
43.0	33.0	0.0
44.0	33.0	0.0
45.0	33.0	0.0
46.0	33.0	0.0
47.0	33.0	0.0
48.0	33.0	0.0
49.0	33.0	0.0
50.0	33.0	0.0

1.0	34.0	2709.0
2.0	34.0	2449.0
3.0	34.0	2065.0
4.0	34.0	2104.0
5.0	34.0	2033.0
6.0	34.0	1899.0
7.0	34.0	1929.0
8.0	34.0	1891.0
9.0	34.0	1907.0
10.0	34.0	2019.0
11.0	34.0	1906.0
12.0	34.0	1889.0
13.0	34.0	1885.0
14.0	34.0	1861.0
15.0	34.0	1883.0
16.0	34.0	1734.0
17.0	34.0	1846.0
18.0	34.0	0.0
19.0	34.0	0.0
20.0	34.0	0.0
21.0	34.0	0.0
22.0	34.0	0.0
23.0	34.0	0.0
24.0	34.0	0.0
25.0	34.0	0.0
26.0	34.0	0.0
27.0	34.0	0.0
28.0	34.0	0.0
29.0	34.0	0.0
30.0	34.0	0.0
31.0	34.0	0.0
32.0	34.0	0.0
33.0	34.0	0.0
34.0	34.0	0.0
35.0	34.0	0.0
36.0	34.0	0.0
37.0	34.0	0.0
38.0	34.0	0.0
39.0	34.0	0.0
40.0	34.0	0.0
41.0	34.0	0.0
42.0	34.0	0.0
43.0	34.0	0.0
44.0	34.0	0.0
45.0	34.0	0.0
46.0	34.0	0.0
47.0	34.0	0.0
48.0	34.0	0.0
49.0	34.0	0.0
50.0	34.0	0.0

1.0	35.0	2177.0
2.0	35.0	1987.0
3.0	35.0	1978.0
4.0	35.0	1988.0
5.0	35.0	1896.0
6.0	35.0	1885.0
7.0	35.0	1868.0
8.0	35.0	1866.0
9.0	35.0	1894.0
10.0	35.0	1784.0
11.0	35.0	1839.0
12.0	35.0	1846.0
13.0	35.0	1841.0
14.0	35.0	1771.0
15.0	35.0	1817.0
16.0	35.0	1832.0
17.0	35.0	0.0
18.0	35.0	0.0
19.0	35.0	0.0
20.0	35.0	0.0
21.0	35.0	0.0
22.0	35.0	0.0
23.0	35.0	0.0
24.0	35.0	0.0
25.0	35.0	0.0
26.0	35.0	0.0
27.0	35.0	0.0
28.0	35.0	0.0
29.0	35.0	0.0
30.0	35.0	0.0
31.0	35.0	0.0
32.0	35.0	0.0
33.0	35.0	0.0
34.0	35.0	0.0
35.0	35.0	0.0
36.0	35.0	0.0
37.0	35.0	0.0
38.0	35.0	0.0
39.0	35.0	0.0
40.0	35.0	0.0
41.0	35.0	0.0
42.0	35.0	0.0
43.0	35.0	0.0
44.0	35.0	0.0
45.0	35.0	0.0
46.0	35.0	0.0
47.0	35.0	0.0
48.0	35.0	0.0
49.0	35.0	0.0
50.0	35.0	0.0

1.0	36.0	2092.0
2.0	36.0	2210.0
3.0	36.0	1874.0
4.0	36.0	1951.0
5.0	36.0	2018.0
6.0	36.0	1851.0
7.0	36.0	1801.0
8.0	36.0	1784.0
9.0	36.0	1905.0
10.0	36.0	1777.0
11.0	36.0	1919.0
12.0	36.0	1849.0
13.0	36.0	1960.0
14.0	36.0	1860.0
15.0	36.0	1774.0
16.0	36.0	0.0
17.0	36.0	0.0
18.0	36.0	0.0
19.0	36.0	0.0
20.0	36.0	0.0
21.0	36.0	0.0
22.0	36.0	0.0
23.0	36.0	0.0
24.0	36.0	0.0
25.0	36.0	0.0
26.0	36.0	0.0
27.0	36.0	0.0
28.0	36.0	0.0
29.0	36.0	0.0
30.0	36.0	0.0
31.0	36.0	0.0
32.0	36.0	0.0
33.0	36.0	0.0
34.0	36.0	0.0
35.0	36.0	0.0
36.0	36.0	0.0
37.0	36.0	0.0
38.0	36.0	0.0
39.0	36.0	0.0
40.0	36.0	0.0
41.0	36.0	0.0
42.0	36.0	0.0
43.0	36.0	0.0
44.0	36.0	0.0
45.0	36.0	0.0
46.0	36.0	0.0
47.0	36.0	0.0
48.0	36.0	0.0
49.0	36.0	0.0
50.0	36.0	0.0

1.0	37.0	2247.0
2.0	37.0	2281.0
3.0	37.0	2190.0
4.0	37.0	2199.0
5.0	37.0	2122.0
6.0	37.0	2141.0
7.0	37.0	2196.0
8.0	37.0	2091.0
9.0	37.0	2063.0
10.0	37.0	2085.0
11.0	37.0	2123.0
12.0	37.0	1927.0
13.0	37.0	1956.0
14.0	37.0	2053.0
15.0	37.0	0.0
16.0	37.0	0.0
17.0	37.0	0.0
18.0	37.0	0.0
19.0	37.0	0.0
20.0	37.0	0.0
21.0	37.0	0.0
22.0	37.0	0.0
23.0	37.0	0.0
24.0	37.0	0.0
25.0	37.0	0.0
26.0	37.0	0.0
27.0	37.0	0.0
28.0	37.0	0.0
29.0	37.0	0.0
30.0	37.0	0.0
31.0	37.0	0.0
32.0	37.0	0.0
33.0	37.0	0.0
34.0	37.0	0.0
35.0	37.0	0.0
36.0	37.0	0.0
37.0	37.0	0.0
38.0	37.0	0.0
39.0	37.0	0.0
40.0	37.0	0.0
41.0	37.0	0.0
42.0	37.0	0.0
43.0	37.0	0.0
44.0	37.0	0.0
45.0	37.0	0.0
46.0	37.0	0.0
47.0	37.0	0.0
48.0	37.0	0.0
49.0	37.0	0.0
50.0	37.0	0.0

1.0	38.0	2243.0
2.0	38.0	2409.0
3.0	38.0	2128.0
4.0	38.0	2195.0
5.0	38.0	2277.0
6.0	38.0	2122.0
7.0	38.0	2084.0
8.0	38.0	2085.0
9.0	38.0	2090.0
10.0	38.0	2216.0
11.0	38.0	2154.0
12.0	38.0	1986.0
13.0	38.0	2029.0
14.0	38.0	0.0
15.0	38.0	0.0
16.0	38.0	0.0
17.0	38.0	0.0
18.0	38.0	0.0
19.0	38.0	0.0
20.0	38.0	0.0
21.0	38.0	0.0
22.0	38.0	0.0
23.0	38.0	0.0
24.0	38.0	0.0
25.0	38.0	0.0
26.0	38.0	0.0
27.0	38.0	0.0
28.0	38.0	0.0
29.0	38.0	0.0
30.0	38.0	0.0
31.0	38.0	0.0
32.0	38.0	0.0
33.0	38.0	0.0
34.0	38.0	0.0
35.0	38.0	0.0
36.0	38.0	0.0
37.0	38.0	0.0
38.0	38.0	0.0
39.0	38.0	0.0
40.0	38.0	0.0
41.0	38.0	0.0
42.0	38.0	0.0
43.0	38.0	0.0
44.0	38.0	0.0
45.0	38.0	0.0
46.0	38.0	0.0
47.0	38.0	0.0
48.0	38.0	0.0
49.0	38.0	0.0
50.0	38.0	0.0

1.0	39.0	2243.0
2.0	39.0	2141.0
3.0	39.0	2097.0
4.0	39.0	2011.0
5.0	39.0	2096.0
6.0	39.0	1933.0
7.0	39.0	1879.0
8.0	39.0	1910.0
9.0	39.0	1900.0
10.0	39.0	1880.0
11.0	39.0	1887.0
12.0	39.0	1926.0
13.0	39.0	0.0
14.0	39.0	0.0
15.0	39.0	0.0
16.0	39.0	0.0
17.0	39.0	0.0
18.0	39.0	0.0
19.0	39.0	0.0
20.0	39.0	0.0
21.0	39.0	0.0
22.0	39.0	0.0
23.0	39.0	0.0
24.0	39.0	0.0
25.0	39.0	0.0
26.0	39.0	0.0
27.0	39.0	0.0
28.0	39.0	0.0
29.0	39.0	0.0
30.0	39.0	0.0
31.0	39.0	0.0
32.0	39.0	0.0
33.0	39.0	0.0
34.0	39.0	0.0
35.0	39.0	0.0
36.0	39.0	0.0
37.0	39.0	0.0
38.0	39.0	0.0
39.0	39.0	0.0
40.0	39.0	0.0
41.0	39.0	0.0
42.0	39.0	0.0
43.0	39.0	0.0
44.0	39.0	0.0
45.0	39.0	0.0
46.0	39.0	0.0
47.0	39.0	0.0
48.0	39.0	0.0
49.0	39.0	0.0
50.0	39.0	0.0

1.0	40.0	2389.0
2.0	40.0	2300.0
3.0	40.0	2315.0
4.0	40.0	2163.0
5.0	40.0	2350.0
6.0	40.0	2435.0
7.0	40.0	2239.0
8.0	40.0	2398.0
9.0	40.0	2336.0
10.0	40.0	2292.0
11.0	40.0	2326.0
12.0	40.0	0.0
13.0	40.0	0.0
14.0	40.0	0.0
15.0	40.0	0.0
16.0	40.0	0.0
17.0	40.0	0.0
18.0	40.0	0.0
19.0	40.0	0.0
20.0	40.0	0.0
21.0	40.0	0.0
22.0	40.0	0.0
23.0	40.0	0.0
24.0	40.0	0.0
25.0	40.0	0.0
26.0	40.0	0.0
27.0	40.0	0.0
28.0	40.0	0.0
29.0	40.0	0.0
30.0	40.0	0.0
31.0	40.0	0.0
32.0	40.0	0.0
33.0	40.0	0.0
34.0	40.0	0.0
35.0	40.0	0.0
36.0	40.0	0.0
37.0	40.0	0.0
38.0	40.0	0.0
39.0	40.0	0.0
40.0	40.0	0.0
41.0	40.0	0.0
42.0	40.0	0.0
43.0	40.0	0.0
44.0	40.0	0.0
45.0	40.0	0.0
46.0	40.0	0.0
47.0	40.0	0.0
48.0	40.0	0.0
49.0	40.0	0.0
50.0	40.0	0.0

1.0	41.0	2475.0
2.0	41.0	2080.0
3.0	41.0	2059.0
4.0	41.0	2114.0
5.0	41.0	2130.0
6.0	41.0	2015.0
7.0	41.0	1994.0
8.0	41.0	2007.0
9.0	41.0	2053.0
10.0	41.0	1957.0
11.0	41.0	0.0
12.0	41.0	0.0
13.0	41.0	0.0
14.0	41.0	0.0
15.0	41.0	0.0
16.0	41.0	0.0
17.0	41.0	0.0
18.0	41.0	0.0
19.0	41.0	0.0
20.0	41.0	0.0
21.0	41.0	0.0
22.0	41.0	0.0
23.0	41.0	0.0
24.0	41.0	0.0
25.0	41.0	0.0
26.0	41.0	0.0
27.0	41.0	0.0
28.0	41.0	0.0
29.0	41.0	0.0
30.0	41.0	0.0
31.0	41.0	0.0
32.0	41.0	0.0
33.0	41.0	0.0
34.0	41.0	0.0
35.0	41.0	0.0
36.0	41.0	0.0
37.0	41.0	0.0
38.0	41.0	0.0
39.0	41.0	0.0
40.0	41.0	0.0
41.0	41.0	0.0
42.0	41.0	0.0
43.0	41.0	0.0
44.0	41.0	0.0
45.0	41.0	0.0
46.0	41.0	0.0
47.0	41.0	0.0
48.0	41.0	0.0
49.0	41.0	0.0
50.0	41.0	0.0

1.0	42.0	2316.0
2.0	42.0	2202.0
3.0	42.0	2241.0
4.0	42.0	2203.0
5.0	42.0	2114.0
6.0	42.0	2250.0
7.0	42.0	2073.0
8.0	42.0	2024.0
9.0	42.0	2066.0
10.0	42.0	0.0
11.0	42.0	0.0
12.0	42.0	0.0
13.0	42.0	0.0
14.0	42.0	0.0
15.0	42.0	0.0
16.0	42.0	0.0
17.0	42.0	0.0
18.0	42.0	0.0
19.0	42.0	0.0
20.0	42.0	0.0
21.0	42.0	0.0
22.0	42.0	0.0
23.0	42.0	0.0
24.0	42.0	0.0
25.0	42.0	0.0
26.0	42.0	0.0
27.0	42.0	0.0
28.0	42.0	0.0
29.0	42.0	0.0
30.0	42.0	0.0
31.0	42.0	0.0
32.0	42.0	0.0
33.0	42.0	0.0
34.0	42.0	0.0
35.0	42.0	0.0
36.0	42.0	0.0
37.0	42.0	0.0
38.0	42.0	0.0
39.0	42.0	0.0
40.0	42.0	0.0
41.0	42.0	0.0
42.0	42.0	0.0
43.0	42.0	0.0
44.0	42.0	0.0
45.0	42.0	0.0
46.0	42.0	0.0
47.0	42.0	0.0
48.0	42.0	0.0
49.0	42.0	0.0
50.0	42.0	0.0

1.0	43.0	2106.0
2.0	43.0	2053.0
3.0	43.0	2276.0
4.0	43.0	2169.0
5.0	43.0	2023.0
6.0	43.0	2106.0
7.0	43.0	2082.0
8.0	43.0	2053.0
9.0	43.0	0.0
10.0	43.0	0.0
11.0	43.0	0.0
12.0	43.0	0.0
13.0	43.0	0.0
14.0	43.0	0.0
15.0	43.0	0.0
16.0	43.0	0.0
17.0	43.0	0.0
18.0	43.0	0.0
19.0	43.0	0.0
20.0	43.0	0.0
21.0	43.0	0.0
22.0	43.0	0.0
23.0	43.0	0.0
24.0	43.0	0.0
25.0	43.0	0.0
26.0	43.0	0.0
27.0	43.0	0.0
28.0	43.0	0.0
29.0	43.0	0.0
30.0	43.0	0.0
31.0	43.0	0.0
32.0	43.0	0.0
33.0	43.0	0.0
34.0	43.0	0.0
35.0	43.0	0.0
36.0	43.0	0.0
37.0	43.0	0.0
38.0	43.0	0.0
39.0	43.0	0.0
40.0	43.0	0.0
41.0	43.0	0.0
42.0	43.0	0.0
43.0	43.0	0.0
44.0	43.0	0.0
45.0	43.0	0.0
46.0	43.0	0.0
47.0	43.0	0.0
48.0	43.0	0.0
49.0	43.0	0.0
50.0	43.0	0.0

1.0	44.0	2111.0
2.0	44.0	2184.0
3.0	44.0	2044.0
4.0	44.0	2091.0
5.0	44.0	1994.0
6.0	44.0	2077.0
7.0	44.0	1985.0
8.0	44.0	0.0
9.0	44.0	0.0
10.0	44.0	0.0
11.0	44.0	0.0
12.0	44.0	0.0
13.0	44.0	0.0
14.0	44.0	0.0
15.0	44.0	0.0
16.0	44.0	0.0
17.0	44.0	0.0
18.0	44.0	0.0
19.0	44.0	0.0
20.0	44.0	0.0
21.0	44.0	0.0
22.0	44.0	0.0
23.0	44.0	0.0
24.0	44.0	0.0
25.0	44.0	0.0
26.0	44.0	0.0
27.0	44.0	0.0
28.0	44.0	0.0
29.0	44.0	0.0
30.0	44.0	0.0
31.0	44.0	0.0
32.0	44.0	0.0
33.0	44.0	0.0
34.0	44.0	0.0
35.0	44.0	0.0
36.0	44.0	0.0
37.0	44.0	0.0
38.0	44.0	0.0
39.0	44.0	0.0
40.0	44.0	0.0
41.0	44.0	0.0
42.0	44.0	0.0
43.0	44.0	0.0
44.0	44.0	0.0
45.0	44.0	0.0
46.0	44.0	0.0
47.0	44.0	0.0
48.0	44.0	0.0
49.0	44.0	0.0
50.0	44.0	0.0

1.0	45.0	2279.0
2.0	45.0	2174.0
3.0	45.0	2128.0
4.0	45.0	2179.0
5.0	45.0	2235.0
6.0	45.0	2125.0
7.0	45.0	0.0
8.0	45.0	0.0
9.0	45.0	0.0
10.0	45.0	0.0
11.0	45.0	0.0
12.0	45.0	0.0
13.0	45.0	0.0
14.0	45.0	0.0
15.0	45.0	0.0
16.0	45.0	0.0
17.0	45.0	0.0
18.0	45.0	0.0
19.0	45.0	0.0
20.0	45.0	0.0
21.0	45.0	0.0
22.0	45.0	0.0
23.0	45.0	0.0
24.0	45.0	0.0
25.0	45.0	0.0
26.0	45.0	0.0
27.0	45.0	0.0
28.0	45.0	0.0
29.0	45.0	0.0
30.0	45.0	0.0
31.0	45.0	0.0
32.0	45.0	0.0
33.0	45.0	0.0
34.0	45.0	0.0
35.0	45.0	0.0
36.0	45.0	0.0
37.0	45.0	0.0
38.0	45.0	0.0
39.0	45.0	0.0
40.0	45.0	0.0
41.0	45.0	0.0
42.0	45.0	0.0
43.0	45.0	0.0
44.0	45.0	0.0
45.0	45.0	0.0
46.0	45.0	0.0
47.0	45.0	0.0
48.0	45.0	0.0
49.0	45.0	0.0
50.0	45.0	0.0

1.0	46.0	2331.0
2.0	46.0	2173.0
3.0	46.0	2264.0
4.0	46.0	2286.0
5.0	46.0	2179.0
6.0	46.0	0.0
7.0	46.0	0.0
8.0	46.0	0.0
9.0	46.0	0.0
10.0	46.0	0.0
11.0	46.0	0.0
12.0	46.0	0.0
13.0	46.0	0.0
14.0	46.0	0.0
15.0	46.0	0.0
16.0	46.0	0.0
17.0	46.0	0.0
18.0	46.0	0.0
19.0	46.0	0.0
20.0	46.0	0.0
21.0	46.0	0.0
22.0	46.0	0.0
23.0	46.0	0.0
24.0	46.0	0.0
25.0	46.0	0.0
26.0	46.0	0.0
27.0	46.0	0.0
28.0	46.0	0.0
29.0	46.0	0.0
30.0	46.0	0.0
31.0	46.0	0.0
32.0	46.0	0.0
33.0	46.0	0.0
34.0	46.0	0.0
35.0	46.0	0.0
36.0	46.0	0.0
37.0	46.0	0.0
38.0	46.0	0.0
39.0	46.0	0.0
40.0	46.0	0.0
41.0	46.0	0.0
42.0	46.0	0.0
43.0	46.0	0.0
44.0	46.0	0.0
45.0	46.0	0.0
46.0	46.0	0.0
47.0	46.0	0.0
48.0	46.0	0.0
49.0	46.0	0.0
50.0	46.0	0.0

1.0	47.0	2446.0
2.0	47.0	2299.0
3.0	47.0	2203.0
4.0	47.0	2114.0
5.0	47.0	0.0
6.0	47.0	0.0
7.0	47.0	0.0
8.0	47.0	0.0
9.0	47.0	0.0
10.0	47.0	0.0
11.0	47.0	0.0
12.0	47.0	0.0
13.0	47.0	0.0
14.0	47.0	0.0
15.0	47.0	0.0
16.0	47.0	0.0
17.0	47.0	0.0
18.0	47.0	0.0
19.0	47.0	0.0
20.0	47.0	0.0
21.0	47.0	0.0
22.0	47.0	0.0
23.0	47.0	0.0
24.0	47.0	0.0
25.0	47.0	0.0
26.0	47.0	0.0
27.0	47.0	0.0
28.0	47.0	0.0
29.0	47.0	0.0
30.0	47.0	0.0
31.0	47.0	0.0
32.0	47.0	0.0
33.0	47.0	0.0
34.0	47.0	0.0
35.0	47.0	0.0
36.0	47.0	0.0
37.0	47.0	0.0
38.0	47.0	0.0
39.0	47.0	0.0
40.0	47.0	0.0
41.0	47.0	0.0
42.0	47.0	0.0
43.0	47.0	0.0
44.0	47.0	0.0
45.0	47.0	0.0
46.0	47.0	0.0
47.0	47.0	0.0
48.0	47.0	0.0
49.0	47.0	0.0
50.0	47.0	0.0

1.0	48.0	2849.0
2.0	48.0	2449.0
3.0	48.0	2511.0
4.0	48.0	0.0
5.0	48.0	0.0
6.0	48.0	0.0
7.0	48.0	0.0
8.0	48.0	0.0
9.0	48.0	0.0
10.0	48.0	0.0
11.0	48.0	0.0
12.0	48.0	0.0
13.0	48.0	0.0
14.0	48.0	0.0
15.0	48.0	0.0
16.0	48.0	0.0
17.0	48.0	0.0
18.0	48.0	0.0
19.0	48.0	0.0
20.0	48.0	0.0
21.0	48.0	0.0
22.0	48.0	0.0
23.0	48.0	0.0
24.0	48.0	0.0
25.0	48.0	0.0
26.0	48.0	0.0
27.0	48.0	0.0
28.0	48.0	0.0
29.0	48.0	0.0
30.0	48.0	0.0
31.0	48.0	0.0
32.0	48.0	0.0
33.0	48.0	0.0
34.0	48.0	0.0
35.0	48.0	0.0
36.0	48.0	0.0
37.0	48.0	0.0
38.0	48.0	0.0
39.0	48.0	0.0
40.0	48.0	0.0
41.0	48.0	0.0
42.0	48.0	0.0
43.0	48.0	0.0
44.0	48.0	0.0
45.0	48.0	0.0
46.0	48.0	0.0
47.0	48.0	0.0
48.0	48.0	0.0
49.0	48.0	0.0
50.0	48.0	0.0

1.0	49.0	2352.0
2.0	49.0	2485.0
3.0	49.0	0.0
4.0	49.0	0.0
5.0	49.0	0.0
6.0	49.0	0.0
7.0	49.0	0.0
8.0	49.0	0.0
9.0	49.0	0.0
10.0	49.0	0.0
11.0	49.0	0.0
12.0	49.0	0.0
13.0	49.0	0.0
14.0	49.0	0.0
15.0	49.0	0.0
16.0	49.0	0.0
17.0	49.0	0.0
18.0	49.0	0.0
19.0	49.0	0.0
20.0	49.0	0.0
21.0	49.0	0.0
22.0	49.0	0.0
23.0	49.0	0.0
24.0	49.0	0.0
25.0	49.0	0.0
26.0	49.0	0.0
27.0	49.0	0.0
28.0	49.0	0.0
29.0	49.0	0.0
30.0	49.0	0.0
31.0	49.0	0.0
32.0	49.0	0.0
33.0	49.0	0.0
34.0	49.0	0.0
35.0	49.0	0.0
36.0	49.0	0.0
37.0	49.0	0.0
38.0	49.0	0.0
39.0	49.0	0.0
40.0	49.0	0.0
41.0	49.0	0.0
42.0	49.0	0.0
43.0	49.0	0.0
44.0	49.0	0.0
45.0	49.0	0.0
46.0	49.0	0.0
47.0	49.0	0.0
48.0	49.0	0.0
49.0	49.0	0.0
50.0	49.0	0.0

1.0	50.0	2408.0
2.0	50.0	0.0
3.0	50.0	0.0
4.0	50.0	0.0
5.0	50.0	0.0
6.0	50.0	0.0
7.0	50.0	0.0
8.0	50.0	0.0
9.0	50.0	0.0
10.0	50.0	0.0
11.0	50.0	0.0
12.0	50.0	0.0
13.0	50.0	0.0
14.0	50.0	0.0
15.0	50.0	0.0
16.0	50.0	0.0
17.0	50.0	0.0
18.0	50.0	0.0
19.0	50.0	0.0
20.0	50.0	0.0
21.0	50.0	0.0
22.0	50.0	0.0
23.0	50.0	0.0
24.0	50.0	0.0
25.0	50.0	0.0
26.0	50.0	0.0
27.0	50.0	0.0
28.0	50.0	0.0
29.0	50.0	0.0
30.0	50.0	0.0
31.0	50.0	0.0
32.0	50.0	0.0
33.0	50.0	0.0
34.0	50.0	0.0
35.0	50.0	0.0
36.0	50.0	0.0
37.0	50.0	0.0
38.0	50.0	0.0
39.0	50.0	0.0
40.0	50.0	0.0
41.0	50.0	0.0
42.0	50.0	0.0
43.0	50.0	0.0
44.0	50.0	0.0
45.0	50.0	0.0
46.0	50.0	0.0
47.0	50.0	0.0
48.0	50.0	0.0
49.0	50.0	0.0
50.0	50.0	0.0


