Length	Start	data
1.0	1.0	3160.0
2.0	1.0	3214.0
3.0	1.0	3260.0
4.0	1.0	3178.0
5.0	1.0	3212.0
6.0	1.0	3134.0
7.0	1.0	3160.0
8.0	1.0	3166.0
9.0	1.0	2960.0
10.0	1.0	2962.0
11.0	1.0	2952.0
12.0	1.0	2898.0
13.0	1.0	2816.0
14.0	1.0	2806.0
15.0	1.0	2728.0
16.0	1.0	2686.0
17.0	1.0	2620.0
18.0	1.0	2518.0
19.0	1.0	2416.0
20.0	1.0	2402.0
21.0	1.0	2360.0
22.0	1.0	2294.0
23.0	1.0	2216.0
24.0	1.0	2174.0
25.0	1.0	2084.0
26.0	1.0	2026.0
27.0	1.0	1960.0
28.0	1.0	1854.0
29.0	1.0	1812.0
30.0	1.0	1698.0
31.0	1.0	1660.0
32.0	1.0	1582.0
33.0	1.0	1504.0
34.0	1.0	1454.0
35.0	1.0	1424.0
36.0	1.0	1322.0
37.0	1.0	1224.0
38.0	1.0	1146.0
39.0	1.0	1112.0
40.0	1.0	1010.0
41.0	1.0	912.0
42.0	1.0	790.0
43.0	1.0	740.0
44.0	1.0	638.0
45.0	1.0	592.0
46.0	1.0	442.0
47.0	1.0	376.0
48.0	1.0	286.0
49.0	1.0	192.0
50.0	1.0	174.0

1.0	2.0	3356.0
2.0	2.0	3314.0
3.0	2.0	3208.0
4.0	2.0	3086.0
5.0	2.0	3060.0
6.0	2.0	3070.0
7.0	2.0	3132.0
8.0	2.0	2958.0
9.0	2.0	2944.0
10.0	2.0	2958.0
11.0	2.0	2972.0
12.0	2.0	2820.0
13.0	2.0	2812.0
14.0	2.0	2850.0
15.0	2.0	2788.0
16.0	2.0	2798.0
17.0	2.0	2720.0
18.0	2.0	2626.0
19.0	2.0	2540.0
20.0	2.0	2506.0
21.0	2.0	2444.0
22.0	2.0	2350.0
23.0	2.0	2256.0
24.0	2.0	2158.0
25.0	2.0	2096.0
26.0	2.0	2066.0
27.0	2.0	1984.0
28.0	2.0	1942.0
29.0	2.0	1828.0
30.0	2.0	1712.0
31.0	2.0	1700.0
32.0	2.0	1606.0
33.0	2.0	1508.0
34.0	2.0	1466.0
35.0	2.0	1420.0
36.0	2.0	1346.0
37.0	2.0	1260.0
38.0	2.0	1198.0
39.0	2.0	1100.0
40.0	2.0	1046.0
41.0	2.0	948.0
42.0	2.0	890.0
43.0	2.0	820.0
44.0	2.0	766.0
45.0	2.0	628.0
46.0	2.0	578.0
47.0	2.0	448.0
48.0	2.0	354.0
49.0	2.0	212.0
50.0	2.0	0.0

1.0	3.0	3472.0
2.0	3.0	3274.0
3.0	3.0	3196.0
4.0	3.0	3266.0
5.0	3.0	3160.0
6.0	3.0	3114.0
7.0	3.0	3100.0
8.0	3.0	3018.0
9.0	3.0	2952.0
10.0	3.0	2886.0
11.0	3.0	2876.0
12.0	3.0	2890.0
13.0	3.0	2828.0
14.0	3.0	2778.0
15.0	3.0	2748.0
16.0	3.0	2642.0
17.0	3.0	2568.0
18.0	3.0	2470.0
19.0	3.0	2400.0
20.0	3.0	2362.0
21.0	3.0	2340.0
22.0	3.0	2254.0
23.0	3.0	2176.0
24.0	3.0	2118.0
25.0	3.0	2044.0
26.0	3.0	1982.0
27.0	3.0	1924.0
28.0	3.0	1870.0
29.0	3.0	1840.0
30.0	3.0	1742.0
31.0	3.0	1708.0
32.0	3.0	1658.0
33.0	3.0	1576.0
34.0	3.0	1422.0
35.0	3.0	1436.0
36.0	3.0	1386.0
37.0	3.0	1264.0
38.0	3.0	1254.0
39.0	3.0	1120.0
40.0	3.0	1082.0
41.0	3.0	864.0
42.0	3.0	802.0
43.0	3.0	776.0
44.0	3.0	702.0
45.0	3.0	636.0
46.0	3.0	510.0
47.0	3.0	408.0
48.0	3.0	366.0
49.0	3.0	0.0
50.0	3.0	0.0

1.0	4.0	3448.0
2.0	4.0	3462.0
3.0	4.0	3292.0
4.0	4.0	3358.0
5.0	4.0	3216.0
6.0	4.0	3168.0
7.0	4.0	3220.0
8.0	4.0	3102.0
9.0	4.0	3116.0
10.0	4.0	3074.0
11.0	4.0	3028.0
12.0	4.0	2918.0
13.0	4.0	2840.0
14.0	4.0	2822.0
15.0	4.0	2732.0
16.0	4.0	2666.0
17.0	4.0	2644.0
18.0	4.0	2562.0
19.0	4.0	2476.0
20.0	4.0	2466.0
21.0	4.0	2420.0
22.0	4.0	2334.0
23.0	4.0	2308.0
24.0	4.0	2226.0
25.0	4.0	2144.0
26.0	4.0	2082.0
27.0	4.0	2068.0
28.0	4.0	1942.0
29.0	4.0	1900.0
30.0	4.0	1810.0
31.0	4.0	1752.0
32.0	4.0	1726.0
33.0	4.0	1588.0
34.0	4.0	1570.0
35.0	4.0	1456.0
36.0	4.0	1426.0
37.0	4.0	1348.0
38.0	4.0	1178.0
39.0	4.0	1176.0
40.0	4.0	1082.0
41.0	4.0	956.0
42.0	4.0	882.0
43.0	4.0	780.0
44.0	4.0	718.0
45.0	4.0	580.0
46.0	4.0	498.0
47.0	4.0	424.0
48.0	4.0	0.0
49.0	4.0	0.0
50.0	4.0	0.0

1.0	5.0	3286.0
2.0	5.0	3330.0
3.0	5.0	3256.0
4.0	5.0	3106.0
5.0	5.0	3016.0
6.0	5.0	3006.0
7.0	5.0	3032.0
8.0	5.0	3138.0
9.0	5.0	2976.0
10.0	5.0	2982.0
11.0	5.0	2872.0
12.0	5.0	2838.0
13.0	5.0	2792.0
14.0	5.0	2722.0
15.0	5.0	2684.0
16.0	5.0	2658.0
17.0	5.0	2592.0
18.0	5.0	2514.0
19.0	5.0	2516.0
20.0	5.0	2470.0
21.0	5.0	2408.0
22.0	5.0	2310.0
23.0	5.0	2220.0
24.0	5.0	2174.0
25.0	5.0	2156.0
26.0	5.0	2066.0
27.0	5.0	1996.0
28.0	5.0	1898.0
29.0	5.0	1888.0
30.0	5.0	1794.0
31.0	5.0	1716.0
32.0	5.0	1642.0
33.0	5.0	1600.0
34.0	5.0	1506.0
35.0	5.0	1428.0
36.0	5.0	1366.0
37.0	5.0	1348.0
38.0	5.0	1266.0
39.0	5.0	1220.0
40.0	5.0	1102.0
41.0	5.0	1016.0
42.0	5.0	902.0
43.0	5.0	832.0
44.0	5.0	718.0
45.0	5.0	684.0
46.0	5.0	582.0
47.0	5.0	0.0
48.0	5.0	0.0
49.0	5.0	0.0
50.0	5.0	0.0

1.0	6.0	3512.0
2.0	6.0	3362.0
3.0	6.0	3448.0
4.0	6.0	3214.0
5.0	6.0	3368.0
6.0	6.0	3222.0
7.0	6.0	3196.0
8.0	6.0	3154.0
9.0	6.0	3100.0
10.0	6.0	3062.0
11.0	6.0	3004.0
12.0	6.0	2930.0
13.0	6.0	2840.0
14.0	6.0	2818.0
15.0	6.0	2680.0
16.0	6.0	2630.0
17.0	6.0	2576.0
18.0	6.0	2542.0
19.0	6.0	2460.0
20.0	6.0	2390.0
21.0	6.0	2360.0
22.0	6.0	2338.0
23.0	6.0	2248.0
24.0	6.0	2226.0
25.0	6.0	2160.0
26.0	6.0	2098.0
27.0	6.0	2024.0
28.0	6.0	1918.0
29.0	6.0	1848.0
30.0	6.0	1762.0
31.0	6.0	1752.0
32.0	6.0	1642.0
33.0	6.0	1612.0
34.0	6.0	1490.0
35.0	6.0	1388.0
36.0	6.0	1370.0
37.0	6.0	1304.0
38.0	6.0	1198.0
39.0	6.0	1116.0
40.0	6.0	1002.0
41.0	6.0	1020.0
42.0	6.0	838.0
43.0	6.0	784.0
44.0	6.0	730.0
45.0	6.0	648.0
46.0	6.0	0.0
47.0	6.0	0.0
48.0	6.0	0.0
49.0	6.0	0.0
50.0	6.0	0.0

1.0	7.0	3204.0
2.0	7.0	3050.0
3.0	7.0	3108.0
4.0	7.0	3110.0
5.0	7.0	3064.0
6.0	7.0	3118.0
7.0	7.0	3004.0
8.0	7.0	2974.0
9.0	7.0	2836.0
10.0	7.0	2806.0
11.0	7.0	2756.0
12.0	7.0	2714.0
13.0	7.0	2696.0
14.0	7.0	2630.0
15.0	7.0	2568.0
16.0	7.0	2538.0
17.0	7.0	2476.0
18.0	7.0	2442.0
19.0	7.0	2376.0
20.0	7.0	2258.0
21.0	7.0	2180.0
22.0	7.0	2174.0
23.0	7.0	2132.0
24.0	7.0	2034.0
25.0	7.0	1952.0
26.0	7.0	1946.0
27.0	7.0	1828.0
28.0	7.0	1734.0
29.0	7.0	1708.0
30.0	7.0	1686.0
31.0	7.0	1588.0
32.0	7.0	1554.0
33.0	7.0	1492.0
34.0	7.0	1398.0
35.0	7.0	1292.0
36.0	7.0	1278.0
37.0	7.0	1156.0
38.0	7.0	1098.0
39.0	7.0	1040.0
40.0	7.0	962.0
41.0	7.0	948.0
42.0	7.0	878.0
43.0	7.0	756.0
44.0	7.0	730.0
45.0	7.0	0.0
46.0	7.0	0.0
47.0	7.0	0.0
48.0	7.0	0.0
49.0	7.0	0.0
50.0	7.0	0.0

1.0	8.0	3496.0
2.0	8.0	3278.0
3.0	8.0	3300.0
4.0	8.0	3314.0
5.0	8.0	3128.0
6.0	8.0	3114.0
7.0	8.0	3092.0
8.0	8.0	3058.0
9.0	8.0	2916.0
10.0	8.0	3006.0
11.0	8.0	2740.0
12.0	8.0	2770.0
13.0	8.0	2696.0
14.0	8.0	2576.0
15.0	8.0	2584.0
16.0	8.0	2466.0
17.0	8.0	2472.0
18.0	8.0	2394.0
19.0	8.0	2308.0
20.0	8.0	2218.0
21.0	8.0	2180.0
22.0	8.0	2138.0
23.0	8.0	2064.0
24.0	8.0	2042.0
25.0	8.0	1984.0
26.0	8.0	1906.0
27.0	8.0	1848.0
28.0	8.0	1814.0
29.0	8.0	1708.0
30.0	8.0	1678.0
31.0	8.0	1584.0
32.0	8.0	1510.0
33.0	8.0	1520.0
34.0	8.0	1374.0
35.0	8.0	1364.0
36.0	8.0	1298.0
37.0	8.0	1260.0
38.0	8.0	1102.0
39.0	8.0	1080.0
40.0	8.0	1042.0
41.0	8.0	972.0
42.0	8.0	946.0
43.0	8.0	768.0
44.0	8.0	0.0
45.0	8.0	0.0
46.0	8.0	0.0
47.0	8.0	0.0
48.0	8.0	0.0
49.0	8.0	0.0
50.0	8.0	0.0

1.0	9.0	4200.0
2.0	9.0	3670.0
3.0	9.0	3312.0
4.0	9.0	3418.0
5.0	9.0	3400.0
6.0	9.0	3282.0
7.0	9.0	3316.0
8.0	9.0	3338.0
9.0	9.0	3232.0
10.0	9.0	3450.0
11.0	9.0	3248.0
12.0	9.0	3314.0
13.0	9.0	3200.0
14.0	9.0	3106.0
15.0	9.0	3000.0
16.0	9.0	3034.0
17.0	9.0	2864.0
18.0	9.0	2758.0
19.0	9.0	2744.0
20.0	9.0	2674.0
21.0	9.0	2696.0
22.0	9.0	2550.0
23.0	9.0	2596.0
24.0	9.0	2422.0
25.0	9.0	2388.0
26.0	9.0	2222.0
27.0	9.0	2280.0
28.0	9.0	2246.0
29.0	9.0	2080.0
30.0	9.0	2018.0
31.0	9.0	1932.0
32.0	9.0	1838.0
33.0	9.0	1852.0
34.0	9.0	1710.0
35.0	9.0	1572.0
36.0	9.0	1498.0
37.0	9.0	1444.0
38.0	9.0	1334.0
39.0	9.0	1188.0
40.0	9.0	1082.0
41.0	9.0	992.0
42.0	9.0	910.0
43.0	9.0	0.0
44.0	9.0	0.0
45.0	9.0	0.0
46.0	9.0	0.0
47.0	9.0	0.0
48.0	9.0	0.0
49.0	9.0	0.0
50.0	9.0	0.0

1.0	10.0	3484.0
2.0	10.0	3650.0
3.0	10.0	3496.0
4.0	10.0	3414.0
5.0	10.0	3428.0
6.0	10.0	3406.0
7.0	10.0	3320.0
8.0	10.0	3338.0
9.0	10.0	3256.0
10.0	10.0	3242.0
11.0	10.0	3292.0
12.0	10.0	3166.0
13.0	10.0	3104.0
14.0	10.0	3054.0
15.0	10.0	3020.0
16.0	10.0	2902.0
17.0	10.0	2824.0
18.0	10.0	2718.0
19.0	10.0	2740.0
20.0	10.0	2654.0
21.0	10.0	2624.0
22.0	10.0	2482.0
23.0	10.0	2452.0
24.0	10.0	2414.0
25.0	10.0	2312.0
26.0	10.0	2202.0
27.0	10.0	2136.0
28.0	10.0	2010.0
29.0	10.0	1972.0
30.0	10.0	1922.0
31.0	10.0	1828.0
32.0	10.0	1786.0
33.0	10.0	1652.0
34.0	10.0	1626.0
35.0	10.0	1456.0
36.0	10.0	1454.0
37.0	10.0	1312.0
38.0	10.0	1302.0
39.0	10.0	1208.0
40.0	10.0	1078.0
41.0	10.0	1044.0
42.0	10.0	0.0
43.0	10.0	0.0
44.0	10.0	0.0
45.0	10.0	0.0
46.0	10.0	0.0
47.0	10.0	0.0
48.0	10.0	0.0
49.0	10.0	0.0
50.0	10.0	0.0

1.0	11.0	3188.0
2.0	11.0	3210.0
3.0	11.0	3164.0
4.0	11.0	3098.0
5.0	11.0	2968.0
6.0	11.0	3058.0
7.0	11.0	3008.0
8.0	11.0	3246.0
9.0	11.0	3104.0
10.0	11.0	2998.0
11.0	11.0	2912.0
12.0	11.0	2886.0
13.0	11.0	2784.0
14.0	11.0	2774.0
15.0	11.0	2688.0
16.0	11.0	2710.0
17.0	11.0	2604.0
18.0	11.0	2582.0
19.0	11.0	2426.0
20.0	11.0	2434.0
21.0	11.0	2368.0
22.0	11.0	2238.0
23.0	11.0	2176.0
24.0	11.0	2178.0
25.0	11.0	2068.0
26.0	11.0	2046.0
27.0	11.0	2016.0
28.0	11.0	1902.0
29.0	11.0	1820.0
30.0	11.0	1746.0
31.0	11.0	1744.0
32.0	11.0	1606.0
33.0	11.0	1520.0
34.0	11.0	1486.0
35.0	11.0	1416.0
36.0	11.0	1382.0
37.0	11.0	1256.0
38.0	11.0	1186.0
39.0	11.0	1068.0
40.0	11.0	1062.0
41.0	11.0	0.0
42.0	11.0	0.0
43.0	11.0	0.0
44.0	11.0	0.0
45.0	11.0	0.0
46.0	11.0	0.0
47.0	11.0	0.0
48.0	11.0	0.0
49.0	11.0	0.0
50.0	11.0	0.0

1.0	12.0	3456.0
2.0	12.0	3366.0
3.0	12.0	3484.0
4.0	12.0	3314.0
5.0	12.0	3288.0
6.0	12.0	3218.0
7.0	12.0	3180.0
8.0	12.0	3146.0
9.0	12.0	3168.0
10.0	12.0	3038.0
11.0	12.0	3112.0
12.0	12.0	2930.0
13.0	12.0	2888.0
14.0	12.0	2822.0
15.0	12.0	2644.0
16.0	12.0	2678.0
17.0	12.0	2644.0
18.0	12.0	2538.0
19.0	12.0	2532.0
20.0	12.0	2438.0
21.0	12.0	2372.0
22.0	12.0	2346.0
23.0	12.0	2340.0
24.0	12.0	2358.0
25.0	12.0	2052.0
26.0	12.0	2122.0
27.0	12.0	2044.0
28.0	12.0	1962.0
29.0	12.0	1840.0
30.0	12.0	1758.0
31.0	12.0	1796.0
32.0	12.0	1646.0
33.0	12.0	1592.0
34.0	12.0	1494.0
35.0	12.0	1448.0
36.0	12.0	1326.0
37.0	12.0	1288.0
38.0	12.0	1206.0
39.0	12.0	1080.0
40.0	12.0	0.0
41.0	12.0	0.0
42.0	12.0	0.0
43.0	12.0	0.0
44.0	12.0	0.0
45.0	12.0	0.0
46.0	12.0	0.0
47.0	12.0	0.0
48.0	12.0	0.0
49.0	12.0	0.0
50.0	12.0	0.0

1.0	13.0	3352.0
2.0	13.0	3682.0
3.0	13.0	3548.0
4.0	13.0	3654.0
5.0	13.0	3612.0
6.0	13.0	3418.0
7.0	13.0	3504.0
8.0	13.0	3326.0
9.0	13.0	3220.0
10.0	13.0	3198.0
11.0	13.0	3064.0
12.0	13.0	3070.0
13.0	13.0	2968.0
14.0	13.0	2886.0
15.0	13.0	2820.0
16.0	13.0	2746.0
17.0	13.0	2684.0
18.0	13.0	2626.0
19.0	13.0	2548.0
20.0	13.0	2514.0
21.0	13.0	2452.0
22.0	13.0	2422.0
23.0	13.0	2360.0
24.0	13.0	2314.0
25.0	13.0	2224.0
26.0	13.0	2154.0
27.0	13.0	2136.0
28.0	13.0	2006.0
29.0	13.0	1984.0
30.0	13.0	1874.0
31.0	13.0	1788.0
32.0	13.0	1722.0
33.0	13.0	1668.0
34.0	13.0	1562.0
35.0	13.0	1488.0
36.0	13.0	1410.0
37.0	13.0	1396.0
38.0	13.0	1242.0
39.0	13.0	0.0
40.0	13.0	0.0
41.0	13.0	0.0
42.0	13.0	0.0
43.0	13.0	0.0
44.0	13.0	0.0
45.0	13.0	0.0
46.0	13.0	0.0
47.0	13.0	0.0
48.0	13.0	0.0
49.0	13.0	0.0
50.0	13.0	0.0

1.0	14.0	3236.0
2.0	14.0	3322.0
3.0	14.0	3208.0
4.0	14.0	3398.0
5.0	14.0	3284.0
6.0	14.0	3218.0
7.0	14.0	3204.0
8.0	14.0	3198.0
9.0	14.0	3088.0
10.0	14.0	2978.0
11.0	14.0	2960.0
12.0	14.0	2938.0
13.0	14.0	2848.0
14.0	14.0	2726.0
15.0	14.0	2716.0
16.0	14.0	2626.0
17.0	14.0	2560.0
18.0	14.0	2518.0
19.0	14.0	2460.0
20.0	14.0	2410.0
21.0	14.0	2368.0
22.0	14.0	2218.0
23.0	14.0	2216.0
24.0	14.0	2140.0
25.0	14.0	2088.0
26.0	14.0	2026.0
27.0	14.0	1968.0
28.0	14.0	1858.0
29.0	14.0	1836.0
30.0	14.0	1714.0
31.0	14.0	1748.0
32.0	14.0	1718.0
33.0	14.0	1520.0
34.0	14.0	1530.0
35.0	14.0	1480.0
36.0	14.0	1342.0
37.0	14.0	1248.0
38.0	14.0	0.0
39.0	14.0	0.0
40.0	14.0	0.0
41.0	14.0	0.0
42.0	14.0	0.0
43.0	14.0	0.0
44.0	14.0	0.0
45.0	14.0	0.0
46.0	14.0	0.0
47.0	14.0	0.0
48.0	14.0	0.0
49.0	14.0	0.0
50.0	14.0	0.0

1.0	15.0	3464.0
2.0	15.0	3186.0
3.0	15.0	3140.0
4.0	15.0	3222.0
5.0	15.0	3060.0
6.0	15.0	3230.0
7.0	15.0	2948.0
8.0	15.0	2962.0
9.0	15.0	2892.0
10.0	15.0	2906.0
11.0	15.0	2756.0
12.0	15.0	2710.0
13.0	15.0	2768.0
14.0	15.0	2598.0
15.0	15.0	2644.0
16.0	15.0	2562.0
17.0	15.0	2528.0
18.0	15.0	2570.0
19.0	15.0	2400.0
20.0	15.0	2398.0
21.0	15.0	2268.0
22.0	15.0	2238.0
23.0	15.0	2160.0
24.0	15.0	2154.0
25.0	15.0	2056.0
26.0	15.0	1950.0
27.0	15.0	1928.0
28.0	15.0	1914.0
29.0	15.0	1848.0
30.0	15.0	1710.0
31.0	15.0	1612.0
32.0	15.0	1594.0
33.0	15.0	1560.0
34.0	15.0	1478.0
35.0	15.0	1468.0
36.0	15.0	1334.0
37.0	15.0	0.0
38.0	15.0	0.0
39.0	15.0	0.0
40.0	15.0	0.0
41.0	15.0	0.0
42.0	15.0	0.0
43.0	15.0	0.0
44.0	15.0	0.0
45.0	15.0	0.0
46.0	15.0	0.0
47.0	15.0	0.0
48.0	15.0	0.0
49.0	15.0	0.0
50.0	15.0	0.0

1.0	16.0	3216.0
2.0	16.0	3254.0
3.0	16.0	3224.0
4.0	16.0	3314.0
5.0	16.0	3076.0
6.0	16.0	3250.0
7.0	16.0	3140.0
8.0	16.0	3190.0
9.0	16.0	2956.0
10.0	16.0	2922.0
11.0	16.0	2916.0
12.0	16.0	2874.0
13.0	16.0	2796.0
14.0	16.0	2834.0
15.0	16.0	2740.0
16.0	16.0	2766.0
17.0	16.0	2640.0
18.0	16.0	2502.0
19.0	16.0	2520.0
20.0	16.0	2426.0
21.0	16.0	2392.0
22.0	16.0	2350.0
23.0	16.0	2296.0
24.0	16.0	2190.0
25.0	16.0	2068.0
26.0	16.0	2078.0
27.0	16.0	2052.0
28.0	16.0	1986.0
29.0	16.0	1840.0
30.0	16.0	1786.0
31.0	16.0	1776.0
32.0	16.0	1594.0
33.0	16.0	1616.0
34.0	16.0	1526.0
35.0	16.0	1472.0
36.0	16.0	0.0
37.0	16.0	0.0
38.0	16.0	0.0
39.0	16.0	0.0
40.0	16.0	0.0
41.0	16.0	0.0
42.0	16.0	0.0
43.0	16.0	0.0
44.0	16.0	0.0
45.0	16.0	0.0
46.0	16.0	0.0
47.0	16.0	0.0
48.0	16.0	0.0
49.0	16.0	0.0
50.0	16.0	0.0

1.0	17.0	3352.0
2.0	17.0	3398.0
3.0	17.0	3288.0
4.0	17.0	3258.0
5.0	17.0	3172.0
6.0	17.0	3110.0
7.0	17.0	3100.0
8.0	17.0	3054.0
9.0	17.0	2992.0
10.0	17.0	2886.0
11.0	17.0	2892.0
12.0	17.0	2826.0
13.0	17.0	2696.0
14.0	17.0	2642.0
15.0	17.0	2600.0
16.0	17.0	2622.0
17.0	17.0	2552.0
18.0	17.0	2478.0
19.0	17.0	2380.0
20.0	17.0	2306.0
21.0	17.0	2348.0
22.0	17.0	2214.0
23.0	17.0	2172.0
24.0	17.0	2146.0
25.0	17.0	2068.0
26.0	17.0	1982.0
27.0	17.0	1964.0
28.0	17.0	1862.0
29.0	17.0	1720.0
30.0	17.0	1746.0
31.0	17.0	1680.0
32.0	17.0	1610.0
33.0	17.0	1680.0
34.0	17.0	1606.0
35.0	17.0	0.0
36.0	17.0	0.0
37.0	17.0	0.0
38.0	17.0	0.0
39.0	17.0	0.0
40.0	17.0	0.0
41.0	17.0	0.0
42.0	17.0	0.0
43.0	17.0	0.0
44.0	17.0	0.0
45.0	17.0	0.0
46.0	17.0	0.0
47.0	17.0	0.0
48.0	17.0	0.0
49.0	17.0	0.0
50.0	17.0	0.0

1.0	18.0	3488.0
2.0	18.0	3334.0
3.0	18.0	3156.0
4.0	18.0	3166.0
5.0	18.0	3276.0
6.0	18.0	3214.0
7.0	18.0	3236.0
8.0	18.0	3158.0
9.0	18.0	3168.0
10.0	18.0	3198.0
11.0	18.0	3084.0
12.0	18.0	3030.0
13.0	18.0	3044.0
14.0	18.0	2978.0
15.0	18.0	2908.0
16.0	18.0	2758.0
17.0	18.0	2808.0
18.0	18.0	2694.0
19.0	18.0	2652.0
20.0	18.0	2566.0
21.0	18.0	2532.0
22.0	18.0	2526.0
23.0	18.0	2416.0
24.0	18.0	2406.0
25.0	18.0	2228.0
26.0	18.0	2142.0
27.0	18.0	2016.0
28.0	18.0	2014.0
29.0	18.0	1904.0
30.0	18.0	1918.0
31.0	18.0	1740.0
32.0	18.0	1770.0
33.0	18.0	1548.0
34.0	18.0	0.0
35.0	18.0	0.0
36.0	18.0	0.0
37.0	18.0	0.0
38.0	18.0	0.0
39.0	18.0	0.0
40.0	18.0	0.0
41.0	18.0	0.0
42.0	18.0	0.0
43.0	18.0	0.0
44.0	18.0	0.0
45.0	18.0	0.0
46.0	18.0	0.0
47.0	18.0	0.0
48.0	18.0	0.0
49.0	18.0	0.0
50.0	18.0	0.0

1.0	19.0	3284.0
2.0	19.0	3170.0
3.0	19.0	3128.0
4.0	19.0	3278.0
5.0	19.0	3164.0
6.0	19.0	3206.0
7.0	19.0	3060.0
8.0	19.0	3062.0
9.0	19.0	2912.0
10.0	19.0	2978.0
11.0	19.0	3000.0
12.0	19.0	2930.0
13.0	19.0	2860.0
14.0	19.0	2790.0
15.0	19.0	2680.0
16.0	19.0	2666.0
17.0	19.0	2540.0
18.0	19.0	2474.0
19.0	19.0	2532.0
20.0	19.0	2382.0
21.0	19.0	2436.0
22.0	19.0	2322.0
23.0	19.0	2204.0
24.0	19.0	2222.0
25.0	19.0	2084.0
26.0	19.0	2066.0
27.0	19.0	2000.0
28.0	19.0	1934.0
29.0	19.0	1828.0
30.0	19.0	1798.0
31.0	19.0	1688.0
32.0	19.0	1594.0
33.0	19.0	0.0
34.0	19.0	0.0
35.0	19.0	0.0
36.0	19.0	0.0
37.0	19.0	0.0
38.0	19.0	0.0
39.0	19.0	0.0
40.0	19.0	0.0
41.0	19.0	0.0
42.0	19.0	0.0
43.0	19.0	0.0
44.0	19.0	0.0
45.0	19.0	0.0
46.0	19.0	0.0
47.0	19.0	0.0
48.0	19.0	0.0
49.0	19.0	0.0
50.0	19.0	0.0

1.0	20.0	3464.0
2.0	20.0	3430.0
3.0	20.0	3652.0
4.0	20.0	3458.0
5.0	20.0	3480.0
6.0	20.0	3466.0
7.0	20.0	3648.0
8.0	20.0	3302.0
9.0	20.0	3452.0
10.0	20.0	3354.0
11.0	20.0	3240.0
12.0	20.0	3146.0
13.0	20.0	3168.0
14.0	20.0	3062.0
15.0	20.0	2864.0
16.0	20.0	2922.0
17.0	20.0	2876.0
18.0	20.0	2814.0
19.0	20.0	2704.0
20.0	20.0	2630.0
21.0	20.0	2584.0
22.0	20.0	2442.0
23.0	20.0	2340.0
24.0	20.0	2214.0
25.0	20.0	2248.0
26.0	20.0	2274.0
27.0	20.0	2076.0
28.0	20.0	2034.0
29.0	20.0	1996.0
30.0	20.0	1982.0
31.0	20.0	1828.0
32.0	20.0	0.0
33.0	20.0	0.0
34.0	20.0	0.0
35.0	20.0	0.0
36.0	20.0	0.0
37.0	20.0	0.0
38.0	20.0	0.0
39.0	20.0	0.0
40.0	20.0	0.0
41.0	20.0	0.0
42.0	20.0	0.0
43.0	20.0	0.0
44.0	20.0	0.0
45.0	20.0	0.0
46.0	20.0	0.0
47.0	20.0	0.0
48.0	20.0	0.0
49.0	20.0	0.0
50.0	20.0	0.0

1.0	21.0	3412.0
2.0	21.0	3204.0
3.0	21.0	3312.0
4.0	21.0	3238.0
5.0	21.0	3092.0
6.0	21.0	2994.0
7.0	21.0	3064.0
8.0	21.0	3010.0
9.0	21.0	2844.0
10.0	21.0	2850.0
11.0	21.0	2824.0
12.0	21.0	2730.0
13.0	21.0	2712.0
14.0	21.0	2626.0
15.0	21.0	2636.0
16.0	21.0	2538.0
17.0	21.0	2500.0
18.0	21.0	2494.0
19.0	21.0	2428.0
20.0	21.0	2334.0
21.0	21.0	2292.0
22.0	21.0	2146.0
23.0	21.0	2164.0
24.0	21.0	2106.0
25.0	21.0	2040.0
26.0	21.0	2018.0
27.0	21.0	1908.0
28.0	21.0	1846.0
29.0	21.0	1752.0
30.0	21.0	1698.0
31.0	21.0	0.0
32.0	21.0	0.0
33.0	21.0	0.0
34.0	21.0	0.0
35.0	21.0	0.0
36.0	21.0	0.0
37.0	21.0	0.0
38.0	21.0	0.0
39.0	21.0	0.0
40.0	21.0	0.0
41.0	21.0	0.0
42.0	21.0	0.0
43.0	21.0	0.0
44.0	21.0	0.0
45.0	21.0	0.0
46.0	21.0	0.0
47.0	21.0	0.0
48.0	21.0	0.0
49.0	21.0	0.0
50.0	21.0	0.0

1.0	22.0	3456.0
2.0	22.0	3378.0
3.0	22.0	3124.0
4.0	22.0	3266.0
5.0	22.0	3368.0
6.0	22.0	3186.0
7.0	22.0	3084.0
8.0	22.0	3366.0
9.0	22.0	3112.0
10.0	22.0	3134.0
11.0	22.0	3040.0
12.0	22.0	2926.0
13.0	22.0	2840.0
14.0	22.0	2782.0
15.0	22.0	2828.0
16.0	22.0	2694.0
17.0	22.0	2668.0
18.0	22.0	2750.0
19.0	22.0	2556.0
20.0	22.0	2486.0
21.0	22.0	2444.0
22.0	22.0	2386.0
23.0	22.0	2324.0
24.0	22.0	2262.0
25.0	22.0	2192.0
26.0	22.0	2174.0
27.0	22.0	2004.0
28.0	22.0	1978.0
29.0	22.0	1940.0
30.0	22.0	0.0
31.0	22.0	0.0
32.0	22.0	0.0
33.0	22.0	0.0
34.0	22.0	0.0
35.0	22.0	0.0
36.0	22.0	0.0
37.0	22.0	0.0
38.0	22.0	0.0
39.0	22.0	0.0
40.0	22.0	0.0
41.0	22.0	0.0
42.0	22.0	0.0
43.0	22.0	0.0
44.0	22.0	0.0
45.0	22.0	0.0
46.0	22.0	0.0
47.0	22.0	0.0
48.0	22.0	0.0
49.0	22.0	0.0
50.0	22.0	0.0

1.0	23.0	3444.0
2.0	23.0	3350.0
3.0	23.0	3212.0
4.0	23.0	3334.0
5.0	23.0	3084.0
6.0	23.0	3150.0
7.0	23.0	3028.0
8.0	23.0	3046.0
9.0	23.0	2904.0
10.0	23.0	2922.0
11.0	23.0	2912.0
12.0	23.0	2684.0
13.0	23.0	2796.0
14.0	23.0	2746.0
15.0	23.0	2668.0
16.0	23.0	2634.0
17.0	23.0	2568.0
18.0	23.0	2562.0
19.0	23.0	2380.0
20.0	23.0	2362.0
21.0	23.0	2352.0
22.0	23.0	2350.0
23.0	23.0	2216.0
24.0	23.0	2154.0
25.0	23.0	2164.0
26.0	23.0	2094.0
27.0	23.0	2060.0
28.0	23.0	1966.0
29.0	23.0	0.0
30.0	23.0	0.0
31.0	23.0	0.0
32.0	23.0	0.0
33.0	23.0	0.0
34.0	23.0	0.0
35.0	23.0	0.0
36.0	23.0	0.0
37.0	23.0	0.0
38.0	23.0	0.0
39.0	23.0	0.0
40.0	23.0	0.0
41.0	23.0	0.0
42.0	23.0	0.0
43.0	23.0	0.0
44.0	23.0	0.0
45.0	23.0	0.0
46.0	23.0	0.0
47.0	23.0	0.0
48.0	23.0	0.0
49.0	23.0	0.0
50.0	23.0	0.0

1.0	24.0	3232.0
2.0	24.0	3170.0
3.0	24.0	3180.0
4.0	24.0	2974.0
5.0	24.0	3228.0
6.0	24.0	3090.0
7.0	24.0	3112.0
8.0	24.0	3062.0
9.0	24.0	3040.0
10.0	24.0	3082.0
11.0	24.0	3064.0
12.0	24.0	2870.0
13.0	24.0	2956.0
14.0	24.0	2850.0
15.0	24.0	2792.0
16.0	24.0	2662.0
17.0	24.0	2628.0
18.0	24.0	2622.0
19.0	24.0	2512.0
20.0	24.0	2558.0
21.0	24.0	2400.0
22.0	24.0	2366.0
23.0	24.0	2248.0
24.0	24.0	2166.0
25.0	24.0	2124.0
26.0	24.0	2098.0
27.0	24.0	2024.0
28.0	24.0	0.0
29.0	24.0	0.0
30.0	24.0	0.0
31.0	24.0	0.0
32.0	24.0	0.0
33.0	24.0	0.0
34.0	24.0	0.0
35.0	24.0	0.0
36.0	24.0	0.0
37.0	24.0	0.0
38.0	24.0	0.0
39.0	24.0	0.0
40.0	24.0	0.0
41.0	24.0	0.0
42.0	24.0	0.0
43.0	24.0	0.0
44.0	24.0	0.0
45.0	24.0	0.0
46.0	24.0	0.0
47.0	24.0	0.0
48.0	24.0	0.0
49.0	24.0	0.0
50.0	24.0	0.0

1.0	25.0	3460.0
2.0	25.0	4010.0
3.0	25.0	3860.0
4.0	25.0	3766.0
5.0	25.0	3624.0
6.0	25.0	3510.0
7.0	25.0	3564.0
8.0	25.0	3610.0
9.0	25.0	3476.0
10.0	25.0	3502.0
11.0	25.0	3460.0
12.0	25.0	3346.0
13.0	25.0	3344.0
14.0	25.0	3098.0
15.0	25.0	3060.0
16.0	25.0	2986.0
17.0	25.0	3064.0
18.0	25.0	2886.0
19.0	25.0	2752.0
20.0	25.0	2718.0
21.0	25.0	2632.0
22.0	25.0	2454.0
23.0	25.0	2620.0
24.0	25.0	2606.0
25.0	25.0	2356.0
26.0	25.0	2346.0
27.0	25.0	0.0
28.0	25.0	0.0
29.0	25.0	0.0
30.0	25.0	0.0
31.0	25.0	0.0
32.0	25.0	0.0
33.0	25.0	0.0
34.0	25.0	0.0
35.0	25.0	0.0
36.0	25.0	0.0
37.0	25.0	0.0
38.0	25.0	0.0
39.0	25.0	0.0
40.0	25.0	0.0
41.0	25.0	0.0
42.0	25.0	0.0
43.0	25.0	0.0
44.0	25.0	0.0
45.0	25.0	0.0
46.0	25.0	0.0
47.0	25.0	0.0
48.0	25.0	0.0
49.0	25.0	0.0
50.0	25.0	0.0

1.0	26.0	3308.0
2.0	26.0	3118.0
3.0	26.0	3036.0
4.0	26.0	3014.0
5.0	26.0	3148.0
6.0	26.0	2986.0
7.0	26.0	2832.0
8.0	26.0	2898.0
9.0	26.0	2780.0
10.0	26.0	2786.0
11.0	26.0	2712.0
12.0	26.0	2654.0
13.0	26.0	2584.0
14.0	26.0	2554.0
15.0	26.0	2504.0
16.0	26.0	2438.0
17.0	26.0	2388.0
18.0	26.0	2394.0
19.0	26.0	2260.0
20.0	26.0	2314.0
21.0	26.0	2148.0
22.0	26.0	2090.0
23.0	26.0	2044.0
24.0	26.0	2006.0
25.0	26.0	1976.0
26.0	26.0	0.0
27.0	26.0	0.0
28.0	26.0	0.0
29.0	26.0	0.0
30.0	26.0	0.0
31.0	26.0	0.0
32.0	26.0	0.0
33.0	26.0	0.0
34.0	26.0	0.0
35.0	26.0	0.0
36.0	26.0	0.0
37.0	26.0	0.0
38.0	26.0	0.0
39.0	26.0	0.0
40.0	26.0	0.0
41.0	26.0	0.0
42.0	26.0	0.0
43.0	26.0	0.0
44.0	26.0	0.0
45.0	26.0	0.0
46.0	26.0	0.0
47.0	26.0	0.0
48.0	26.0	0.0
49.0	26.0	0.0
50.0	26.0	0.0

1.0	27.0	3396.0
2.0	27.0	3114.0
3.0	27.0	3112.0
4.0	27.0	3054.0
5.0	27.0	2964.0
6.0	27.0	2962.0
7.0	27.0	2980.0
8.0	27.0	2946.0
9.0	27.0	2824.0
10.0	27.0	2898.0
11.0	27.0	2812.0
12.0	27.0	2782.0
13.0	27.0	2732.0
14.0	27.0	2590.0
15.0	27.0	2592.0
16.0	27.0	2518.0
17.0	27.0	2440.0
18.0	27.0	2506.0
19.0	27.0	2364.0
20.0	27.0	2354.0
21.0	27.0	2376.0
22.0	27.0	2230.0
23.0	27.0	2192.0
24.0	27.0	2302.0
25.0	27.0	0.0
26.0	27.0	0.0
27.0	27.0	0.0
28.0	27.0	0.0
29.0	27.0	0.0
30.0	27.0	0.0
31.0	27.0	0.0
32.0	27.0	0.0
33.0	27.0	0.0
34.0	27.0	0.0
35.0	27.0	0.0
36.0	27.0	0.0
37.0	27.0	0.0
38.0	27.0	0.0
39.0	27.0	0.0
40.0	27.0	0.0
41.0	27.0	0.0
42.0	27.0	0.0
43.0	27.0	0.0
44.0	27.0	0.0
45.0	27.0	0.0
46.0	27.0	0.0
47.0	27.0	0.0
48.0	27.0	0.0
49.0	27.0	0.0
50.0	27.0	0.0

1.0	28.0	3356.0
2.0	28.0	3206.0
3.0	28.0	3240.0
4.0	28.0	3038.0
5.0	28.0	3152.0
6.0	28.0	3178.0
7.0	28.0	3152.0
8.0	28.0	2926.0
9.0	28.0	2988.0
10.0	28.0	2954.0
11.0	28.0	2912.0
12.0	28.0	2794.0
13.0	28.0	2732.0
14.0	28.0	2682.0
15.0	28.0	2664.0
16.0	28.0	2594.0
17.0	28.0	2508.0
18.0	28.0	2546.0
19.0	28.0	2512.0
20.0	28.0	2434.0
21.0	28.0	2328.0
22.0	28.0	2334.0
23.0	28.0	2200.0
24.0	28.0	0.0
25.0	28.0	0.0
26.0	28.0	0.0
27.0	28.0	0.0
28.0	28.0	0.0
29.0	28.0	0.0
30.0	28.0	0.0
31.0	28.0	0.0
32.0	28.0	0.0
33.0	28.0	0.0
34.0	28.0	0.0
35.0	28.0	0.0
36.0	28.0	0.0
37.0	28.0	0.0
38.0	28.0	0.0
39.0	28.0	0.0
40.0	28.0	0.0
41.0	28.0	0.0
42.0	28.0	0.0
43.0	28.0	0.0
44.0	28.0	0.0
45.0	28.0	0.0
46.0	28.0	0.0
47.0	28.0	0.0
48.0	28.0	0.0
49.0	28.0	0.0
50.0	28.0	0.0

1.0	29.0	3456.0
2.0	29.0	3262.0
3.0	29.0	3184.0
4.0	29.0	3154.0
5.0	29.0	3092.0
6.0	29.0	3106.0
7.0	29.0	3000.0
8.0	29.0	2970.0
9.0	29.0	2924.0
10.0	29.0	2914.0
11.0	29.0	2888.0
12.0	29.0	2826.0
13.0	29.0	2972.0
14.0	29.0	2690.0
15.0	29.0	2704.0
16.0	29.0	2546.0
17.0	29.0	2620.0
18.0	29.0	2486.0
19.0	29.0	2436.0
20.0	29.0	2382.0
21.0	29.0	2332.0
22.0	29.0	2222.0
23.0	29.0	0.0
24.0	29.0	0.0
25.0	29.0	0.0
26.0	29.0	0.0
27.0	29.0	0.0
28.0	29.0	0.0
29.0	29.0	0.0
30.0	29.0	0.0
31.0	29.0	0.0
32.0	29.0	0.0
33.0	29.0	0.0
34.0	29.0	0.0
35.0	29.0	0.0
36.0	29.0	0.0
37.0	29.0	0.0
38.0	29.0	0.0
39.0	29.0	0.0
40.0	29.0	0.0
41.0	29.0	0.0
42.0	29.0	0.0
43.0	29.0	0.0
44.0	29.0	0.0
45.0	29.0	0.0
46.0	29.0	0.0
47.0	29.0	0.0
48.0	29.0	0.0
49.0	29.0	0.0
50.0	29.0	0.0

1.0	30.0	3272.0
2.0	30.0	3406.0
3.0	30.0	3148.0
4.0	30.0	3162.0
5.0	30.0	3228.0
6.0	30.0	3194.0
7.0	30.0	3012.0
8.0	30.0	3090.0
9.0	30.0	3116.0
10.0	30.0	3026.0
11.0	30.0	2884.0
12.0	30.0	2890.0
13.0	30.0	2788.0
14.0	30.0	2730.0
15.0	30.0	2760.0
16.0	30.0	2818.0
17.0	30.0	2564.0
18.0	30.0	2478.0
19.0	30.0	2540.0
20.0	30.0	2522.0
21.0	30.0	2428.0
22.0	30.0	0.0
23.0	30.0	0.0
24.0	30.0	0.0
25.0	30.0	0.0
26.0	30.0	0.0
27.0	30.0	0.0
28.0	30.0	0.0
29.0	30.0	0.0
30.0	30.0	0.0
31.0	30.0	0.0
32.0	30.0	0.0
33.0	30.0	0.0
34.0	30.0	0.0
35.0	30.0	0.0
36.0	30.0	0.0
37.0	30.0	0.0
38.0	30.0	0.0
39.0	30.0	0.0
40.0	30.0	0.0
41.0	30.0	0.0
42.0	30.0	0.0
43.0	30.0	0.0
44.0	30.0	0.0
45.0	30.0	0.0
46.0	30.0	0.0
47.0	30.0	0.0
48.0	30.0	0.0
49.0	30.0	0.0
50.0	30.0	0.0

1.0	31.0	3504.0
2.0	31.0	3546.0
3.0	31.0	3796.0
4.0	31.0	3618.0
5.0	31.0	3676.0
6.0	31.0	3598.0
7.0	31.0	3436.0
8.0	31.0	3446.0
9.0	31.0	3384.0
10.0	31.0	3174.0
11.0	31.0	3088.0
12.0	31.0	3170.0
13.0	31.0	3084.0
14.0	31.0	2954.0
15.0	31.0	2952.0
16.0	31.0	2826.0
17.0	31.0	2836.0
18.0	31.0	2790.0
19.0	31.0	2716.0
20.0	31.0	2702.0
21.0	31.0	0.0
22.0	31.0	0.0
23.0	31.0	0.0
24.0	31.0	0.0
25.0	31.0	0.0
26.0	31.0	0.0
27.0	31.0	0.0
28.0	31.0	0.0
29.0	31.0	0.0
30.0	31.0	0.0
31.0	31.0	0.0
32.0	31.0	0.0
33.0	31.0	0.0
34.0	31.0	0.0
35.0	31.0	0.0
36.0	31.0	0.0
37.0	31.0	0.0
38.0	31.0	0.0
39.0	31.0	0.0
40.0	31.0	0.0
41.0	31.0	0.0
42.0	31.0	0.0
43.0	31.0	0.0
44.0	31.0	0.0
45.0	31.0	0.0
46.0	31.0	0.0
47.0	31.0	0.0
48.0	31.0	0.0
49.0	31.0	0.0
50.0	31.0	0.0

1.0	32.0	3174.0
2.0	32.0	3094.0
3.0	32.0	3124.0
4.0	32.0	3162.0
5.0	32.0	3032.0
6.0	32.0	2990.0
7.0	32.0	2876.0
8.0	32.0	3046.0
9.0	32.0	2908.0
10.0	32.0	2998.0
11.0	32.0	2860.0
12.0	32.0	2706.0
13.0	32.0	2740.0
14.0	32.0	2658.0
15.0	32.0	2596.0
16.0	32.0	2502.0
17.0	32.0	2508.0
18.0	32.0	2498.0
19.0	32.0	2420.0
20.0	32.0	0.0
21.0	32.0	0.0
22.0	32.0	0.0
23.0	32.0	0.0
24.0	32.0	0.0
25.0	32.0	0.0
26.0	32.0	0.0
27.0	32.0	0.0
28.0	32.0	0.0
29.0	32.0	0.0
30.0	32.0	0.0
31.0	32.0	0.0
32.0	32.0	0.0
33.0	32.0	0.0
34.0	32.0	0.0
35.0	32.0	0.0
36.0	32.0	0.0
37.0	32.0	0.0
38.0	32.0	0.0
39.0	32.0	0.0
40.0	32.0	0.0
41.0	32.0	0.0
42.0	32.0	0.0
43.0	32.0	0.0
44.0	32.0	0.0
45.0	32.0	0.0
46.0	32.0	0.0
47.0	32.0	0.0
48.0	32.0	0.0
49.0	32.0	0.0
50.0	32.0	0.0

1.0	33.0	3352.0
2.0	33.0	3310.0
3.0	33.0	3296.0
4.0	33.0	3398.0
5.0	33.0	3308.0
6.0	33.0	3282.0
7.0	33.0	3196.0
8.0	33.0	3310.0
9.0	33.0	3172.0
10.0	33.0	3078.0
11.0	33.0	2968.0
12.0	33.0	3024.0
13.0	33.0	2976.0
14.0	33.0	2978.0
15.0	33.0	2916.0
16.0	33.0	2854.0
17.0	33.0	2684.0
18.0	33.0	2642.0
19.0	33.0	0.0
20.0	33.0	0.0
21.0	33.0	0.0
22.0	33.0	0.0
23.0	33.0	0.0
24.0	33.0	0.0
25.0	33.0	0.0
26.0	33.0	0.0
27.0	33.0	0.0
28.0	33.0	0.0
29.0	33.0	0.0
30.0	33.0	0.0
31.0	33.0	0.0
32.0	33.0	0.0
33.0	33.0	0.0
34.0	33.0	0.0
35.0	33.0	0.0
36.0	33.0	0.0
37.0	33.0	0.0
38.0	33.0	0.0
39.0	33.0	0.0
40.0	33.0	0.0
41.0	33.0	0.0
42.0	33.0	0.0
43.0	33.0	0.0
44.0	33.0	0.0
45.0	33.0	0.0
46.0	33.0	0.0
47.0	33.0	0.0
48.0	33.0	0.0
49.0	33.0	0.0
50.0	33.0	0.0

1.0	34.0	3416.0
2.0	34.0	3186.0
3.0	34.0	3196.0
4.0	34.0	3274.0
5.0	34.0	3144.0
6.0	34.0	3078.0
7.0	34.0	3104.0
8.0	34.0	3190.0
9.0	34.0	2984.0
10.0	34.0	3082.0
11.0	34.0	2912.0
12.0	34.0	2842.0
13.0	34.0	2804.0
14.0	34.0	2778.0
15.0	34.0	2644.0
16.0	34.0	2718.0
17.0	34.0	2556.0
18.0	34.0	0.0
19.0	34.0	0.0
20.0	34.0	0.0
21.0	34.0	0.0
22.0	34.0	0.0
23.0	34.0	0.0
24.0	34.0	0.0
25.0	34.0	0.0
26.0	34.0	0.0
27.0	34.0	0.0
28.0	34.0	0.0
29.0	34.0	0.0
30.0	34.0	0.0
31.0	34.0	0.0
32.0	34.0	0.0
33.0	34.0	0.0
34.0	34.0	0.0
35.0	34.0	0.0
36.0	34.0	0.0
37.0	34.0	0.0
38.0	34.0	0.0
39.0	34.0	0.0
40.0	34.0	0.0
41.0	34.0	0.0
42.0	34.0	0.0
43.0	34.0	0.0
44.0	34.0	0.0
45.0	34.0	0.0
46.0	34.0	0.0
47.0	34.0	0.0
48.0	34.0	0.0
49.0	34.0	0.0
50.0	34.0	0.0

1.0	35.0	3524.0
2.0	35.0	3310.0
3.0	35.0	3300.0
4.0	35.0	3258.0
5.0	35.0	3176.0
6.0	35.0	3122.0
7.0	35.0	2964.0
8.0	35.0	2938.0
9.0	35.0	3044.0
10.0	35.0	2998.0
11.0	35.0	2856.0
12.0	35.0	2934.0
13.0	35.0	2836.0
14.0	35.0	2742.0
15.0	35.0	2688.0
16.0	35.0	2790.0
17.0	35.0	0.0
18.0	35.0	0.0
19.0	35.0	0.0
20.0	35.0	0.0
21.0	35.0	0.0
22.0	35.0	0.0
23.0	35.0	0.0
24.0	35.0	0.0
25.0	35.0	0.0
26.0	35.0	0.0
27.0	35.0	0.0
28.0	35.0	0.0
29.0	35.0	0.0
30.0	35.0	0.0
31.0	35.0	0.0
32.0	35.0	0.0
33.0	35.0	0.0
34.0	35.0	0.0
35.0	35.0	0.0
36.0	35.0	0.0
37.0	35.0	0.0
38.0	35.0	0.0
39.0	35.0	0.0
40.0	35.0	0.0
41.0	35.0	0.0
42.0	35.0	0.0
43.0	35.0	0.0
44.0	35.0	0.0
45.0	35.0	0.0
46.0	35.0	0.0
47.0	35.0	0.0
48.0	35.0	0.0
49.0	35.0	0.0
50.0	35.0	0.0

1.0	36.0	3144.0
2.0	36.0	3234.0
3.0	36.0	3192.0
4.0	36.0	3338.0
5.0	36.0	3176.0
6.0	36.0	3070.0
7.0	36.0	3020.0
8.0	36.0	3058.0
9.0	36.0	3076.0
10.0	36.0	3198.0
11.0	36.0	3096.0
12.0	36.0	2950.0
13.0	36.0	2992.0
14.0	36.0	2914.0
15.0	36.0	2836.0
16.0	36.0	0.0
17.0	36.0	0.0
18.0	36.0	0.0
19.0	36.0	0.0
20.0	36.0	0.0
21.0	36.0	0.0
22.0	36.0	0.0
23.0	36.0	0.0
24.0	36.0	0.0
25.0	36.0	0.0
26.0	36.0	0.0
27.0	36.0	0.0
28.0	36.0	0.0
29.0	36.0	0.0
30.0	36.0	0.0
31.0	36.0	0.0
32.0	36.0	0.0
33.0	36.0	0.0
34.0	36.0	0.0
35.0	36.0	0.0
36.0	36.0	0.0
37.0	36.0	0.0
38.0	36.0	0.0
39.0	36.0	0.0
40.0	36.0	0.0
41.0	36.0	0.0
42.0	36.0	0.0
43.0	36.0	0.0
44.0	36.0	0.0
45.0	36.0	0.0
46.0	36.0	0.0
47.0	36.0	0.0
48.0	36.0	0.0
49.0	36.0	0.0
50.0	36.0	0.0

1.0	37.0	3540.0
2.0	37.0	3522.0
3.0	37.0	3500.0
4.0	37.0	3454.0
5.0	37.0	3364.0
6.0	37.0	3170.0
7.0	37.0	3380.0
8.0	37.0	3354.0
9.0	37.0	3172.0
10.0	37.0	3186.0
11.0	37.0	2924.0
12.0	37.0	3006.0
13.0	37.0	2852.0
14.0	37.0	2858.0
15.0	37.0	0.0
16.0	37.0	0.0
17.0	37.0	0.0
18.0	37.0	0.0
19.0	37.0	0.0
20.0	37.0	0.0
21.0	37.0	0.0
22.0	37.0	0.0
23.0	37.0	0.0
24.0	37.0	0.0
25.0	37.0	0.0
26.0	37.0	0.0
27.0	37.0	0.0
28.0	37.0	0.0
29.0	37.0	0.0
30.0	37.0	0.0
31.0	37.0	0.0
32.0	37.0	0.0
33.0	37.0	0.0
34.0	37.0	0.0
35.0	37.0	0.0
36.0	37.0	0.0
37.0	37.0	0.0
38.0	37.0	0.0
39.0	37.0	0.0
40.0	37.0	0.0
41.0	37.0	0.0
42.0	37.0	0.0
43.0	37.0	0.0
44.0	37.0	0.0
45.0	37.0	0.0
46.0	37.0	0.0
47.0	37.0	0.0
48.0	37.0	0.0
49.0	37.0	0.0
50.0	37.0	0.0

1.0	38.0	3332.0
2.0	38.0	3210.0
3.0	38.0	3232.0
4.0	38.0	3214.0
5.0	38.0	3164.0
6.0	38.0	3074.0
7.0	38.0	3176.0
8.0	38.0	3134.0
9.0	38.0	3148.0
10.0	38.0	3062.0
11.0	38.0	3120.0
12.0	38.0	3054.0
13.0	38.0	2944.0
14.0	38.0	0.0
15.0	38.0	0.0
16.0	38.0	0.0
17.0	38.0	0.0
18.0	38.0	0.0
19.0	38.0	0.0
20.0	38.0	0.0
21.0	38.0	0.0
22.0	38.0	0.0
23.0	38.0	0.0
24.0	38.0	0.0
25.0	38.0	0.0
26.0	38.0	0.0
27.0	38.0	0.0
28.0	38.0	0.0
29.0	38.0	0.0
30.0	38.0	0.0
31.0	38.0	0.0
32.0	38.0	0.0
33.0	38.0	0.0
34.0	38.0	0.0
35.0	38.0	0.0
36.0	38.0	0.0
37.0	38.0	0.0
38.0	38.0	0.0
39.0	38.0	0.0
40.0	38.0	0.0
41.0	38.0	0.0
42.0	38.0	0.0
43.0	38.0	0.0
44.0	38.0	0.0
45.0	38.0	0.0
46.0	38.0	0.0
47.0	38.0	0.0
48.0	38.0	0.0
49.0	38.0	0.0
50.0	38.0	0.0

1.0	39.0	3260.0
2.0	39.0	3278.0
3.0	39.0	3144.0
4.0	39.0	3174.0
5.0	39.0	3032.0
6.0	39.0	2922.0
7.0	39.0	2880.0
8.0	39.0	2954.0
9.0	39.0	2864.0
10.0	39.0	2870.0
11.0	39.0	2788.0
12.0	39.0	2782.0
13.0	39.0	0.0
14.0	39.0	0.0
15.0	39.0	0.0
16.0	39.0	0.0
17.0	39.0	0.0
18.0	39.0	0.0
19.0	39.0	0.0
20.0	39.0	0.0
21.0	39.0	0.0
22.0	39.0	0.0
23.0	39.0	0.0
24.0	39.0	0.0
25.0	39.0	0.0
26.0	39.0	0.0
27.0	39.0	0.0
28.0	39.0	0.0
29.0	39.0	0.0
30.0	39.0	0.0
31.0	39.0	0.0
32.0	39.0	0.0
33.0	39.0	0.0
34.0	39.0	0.0
35.0	39.0	0.0
36.0	39.0	0.0
37.0	39.0	0.0
38.0	39.0	0.0
39.0	39.0	0.0
40.0	39.0	0.0
41.0	39.0	0.0
42.0	39.0	0.0
43.0	39.0	0.0
44.0	39.0	0.0
45.0	39.0	0.0
46.0	39.0	0.0
47.0	39.0	0.0
48.0	39.0	0.0
49.0	39.0	0.0
50.0	39.0	0.0

1.0	40.0	3276.0
2.0	40.0	3194.0
3.0	40.0	3044.0
4.0	40.0	3150.0
5.0	40.0	3052.0
6.0	40.0	2994.0
7.0	40.0	2888.0
8.0	40.0	2878.0
9.0	40.0	2780.0
10.0	40.0	2766.0
11.0	40.0	2692.0
12.0	40.0	0.0
13.0	40.0	0.0
14.0	40.0	0.0
15.0	40.0	0.0
16.0	40.0	0.0
17.0	40.0	0.0
18.0	40.0	0.0
19.0	40.0	0.0
20.0	40.0	0.0
21.0	40.0	0.0
22.0	40.0	0.0
23.0	40.0	0.0
24.0	40.0	0.0
25.0	40.0	0.0
26.0	40.0	0.0
27.0	40.0	0.0
28.0	40.0	0.0
29.0	40.0	0.0
30.0	40.0	0.0
31.0	40.0	0.0
32.0	40.0	0.0
33.0	40.0	0.0
34.0	40.0	0.0
35.0	40.0	0.0
36.0	40.0	0.0
37.0	40.0	0.0
38.0	40.0	0.0
39.0	40.0	0.0
40.0	40.0	0.0
41.0	40.0	0.0
42.0	40.0	0.0
43.0	40.0	0.0
44.0	40.0	0.0
45.0	40.0	0.0
46.0	40.0	0.0
47.0	40.0	0.0
48.0	40.0	0.0
49.0	40.0	0.0
50.0	40.0	0.0

1.0	41.0	3432.0
2.0	41.0	3370.0
3.0	41.0	3160.0
4.0	41.0	3330.0
5.0	41.0	3280.0
6.0	41.0	3198.0
7.0	41.0	3352.0
8.0	41.0	3206.0
9.0	41.0	3168.0
10.0	41.0	3118.0
11.0	41.0	0.0
12.0	41.0	0.0
13.0	41.0	0.0
14.0	41.0	0.0
15.0	41.0	0.0
16.0	41.0	0.0
17.0	41.0	0.0
18.0	41.0	0.0
19.0	41.0	0.0
20.0	41.0	0.0
21.0	41.0	0.0
22.0	41.0	0.0
23.0	41.0	0.0
24.0	41.0	0.0
25.0	41.0	0.0
26.0	41.0	0.0
27.0	41.0	0.0
28.0	41.0	0.0
29.0	41.0	0.0
30.0	41.0	0.0
31.0	41.0	0.0
32.0	41.0	0.0
33.0	41.0	0.0
34.0	41.0	0.0
35.0	41.0	0.0
36.0	41.0	0.0
37.0	41.0	0.0
38.0	41.0	0.0
39.0	41.0	0.0
40.0	41.0	0.0
41.0	41.0	0.0
42.0	41.0	0.0
43.0	41.0	0.0
44.0	41.0	0.0
45.0	41.0	0.0
46.0	41.0	0.0
47.0	41.0	0.0
48.0	41.0	0.0
49.0	41.0	0.0
50.0	41.0	0.0

1.0	42.0	3296.0
2.0	42.0	3446.0
3.0	42.0	3424.0
4.0	42.0	3354.0
5.0	42.0	3308.0
6.0	42.0	3250.0
7.0	42.0	3048.0
8.0	42.0	3066.0
9.0	42.0	2980.0
10.0	42.0	0.0
11.0	42.0	0.0
12.0	42.0	0.0
13.0	42.0	0.0
14.0	42.0	0.0
15.0	42.0	0.0
16.0	42.0	0.0
17.0	42.0	0.0
18.0	42.0	0.0
19.0	42.0	0.0
20.0	42.0	0.0
21.0	42.0	0.0
22.0	42.0	0.0
23.0	42.0	0.0
24.0	42.0	0.0
25.0	42.0	0.0
26.0	42.0	0.0
27.0	42.0	0.0
28.0	42.0	0.0
29.0	42.0	0.0
30.0	42.0	0.0
31.0	42.0	0.0
32.0	42.0	0.0
33.0	42.0	0.0
34.0	42.0	0.0
35.0	42.0	0.0
36.0	42.0	0.0
37.0	42.0	0.0
38.0	42.0	0.0
39.0	42.0	0.0
40.0	42.0	0.0
41.0	42.0	0.0
42.0	42.0	0.0
43.0	42.0	0.0
44.0	42.0	0.0
45.0	42.0	0.0
46.0	42.0	0.0
47.0	42.0	0.0
48.0	42.0	0.0
49.0	42.0	0.0
50.0	42.0	0.0

1.0	43.0	3520.0
2.0	43.0	3234.0
3.0	43.0	3068.0
4.0	43.0	3122.0
5.0	43.0	3036.0
6.0	43.0	3054.0
7.0	43.0	2948.0
8.0	43.0	2958.0
9.0	43.0	0.0
10.0	43.0	0.0
11.0	43.0	0.0
12.0	43.0	0.0
13.0	43.0	0.0
14.0	43.0	0.0
15.0	43.0	0.0
16.0	43.0	0.0
17.0	43.0	0.0
18.0	43.0	0.0
19.0	43.0	0.0
20.0	43.0	0.0
21.0	43.0	0.0
22.0	43.0	0.0
23.0	43.0	0.0
24.0	43.0	0.0
25.0	43.0	0.0
26.0	43.0	0.0
27.0	43.0	0.0
28.0	43.0	0.0
29.0	43.0	0.0
30.0	43.0	0.0
31.0	43.0	0.0
32.0	43.0	0.0
33.0	43.0	0.0
34.0	43.0	0.0
35.0	43.0	0.0
36.0	43.0	0.0
37.0	43.0	0.0
38.0	43.0	0.0
39.0	43.0	0.0
40.0	43.0	0.0
41.0	43.0	0.0
42.0	43.0	0.0
43.0	43.0	0.0
44.0	43.0	0.0
45.0	43.0	0.0
46.0	43.0	0.0
47.0	43.0	0.0
48.0	43.0	0.0
49.0	43.0	0.0
50.0	43.0	0.0

1.0	44.0	3500.0
2.0	44.0	3334.0
3.0	44.0	3584.0
4.0	44.0	3450.0
5.0	44.0	3308.0
6.0	44.0	3174.0
7.0	44.0	3196.0
8.0	44.0	0.0
9.0	44.0	0.0
10.0	44.0	0.0
11.0	44.0	0.0
12.0	44.0	0.0
13.0	44.0	0.0
14.0	44.0	0.0
15.0	44.0	0.0
16.0	44.0	0.0
17.0	44.0	0.0
18.0	44.0	0.0
19.0	44.0	0.0
20.0	44.0	0.0
21.0	44.0	0.0
22.0	44.0	0.0
23.0	44.0	0.0
24.0	44.0	0.0
25.0	44.0	0.0
26.0	44.0	0.0
27.0	44.0	0.0
28.0	44.0	0.0
29.0	44.0	0.0
30.0	44.0	0.0
31.0	44.0	0.0
32.0	44.0	0.0
33.0	44.0	0.0
34.0	44.0	0.0
35.0	44.0	0.0
36.0	44.0	0.0
37.0	44.0	0.0
38.0	44.0	0.0
39.0	44.0	0.0
40.0	44.0	0.0
41.0	44.0	0.0
42.0	44.0	0.0
43.0	44.0	0.0
44.0	44.0	0.0
45.0	44.0	0.0
46.0	44.0	0.0
47.0	44.0	0.0
48.0	44.0	0.0
49.0	44.0	0.0
50.0	44.0	0.0

1.0	45.0	3120.0
2.0	45.0	3274.0
3.0	45.0	3096.0
4.0	45.0	3054.0
5.0	45.0	2976.0
6.0	45.0	2990.0
7.0	45.0	0.0
8.0	45.0	0.0
9.0	45.0	0.0
10.0	45.0	0.0
11.0	45.0	0.0
12.0	45.0	0.0
13.0	45.0	0.0
14.0	45.0	0.0
15.0	45.0	0.0
16.0	45.0	0.0
17.0	45.0	0.0
18.0	45.0	0.0
19.0	45.0	0.0
20.0	45.0	0.0
21.0	45.0	0.0
22.0	45.0	0.0
23.0	45.0	0.0
24.0	45.0	0.0
25.0	45.0	0.0
26.0	45.0	0.0
27.0	45.0	0.0
28.0	45.0	0.0
29.0	45.0	0.0
30.0	45.0	0.0
31.0	45.0	0.0
32.0	45.0	0.0
33.0	45.0	0.0
34.0	45.0	0.0
35.0	45.0	0.0
36.0	45.0	0.0
37.0	45.0	0.0
38.0	45.0	0.0
39.0	45.0	0.0
40.0	45.0	0.0
41.0	45.0	0.0
42.0	45.0	0.0
43.0	45.0	0.0
44.0	45.0	0.0
45.0	45.0	0.0
46.0	45.0	0.0
47.0	45.0	0.0
48.0	45.0	0.0
49.0	45.0	0.0
50.0	45.0	0.0

1.0	46.0	3184.0
2.0	46.0	3358.0
3.0	46.0	3168.0
4.0	46.0	3174.0
5.0	46.0	3236.0
6.0	46.0	0.0
7.0	46.0	0.0
8.0	46.0	0.0
9.0	46.0	0.0
10.0	46.0	0.0
11.0	46.0	0.0
12.0	46.0	0.0
13.0	46.0	0.0
14.0	46.0	0.0
15.0	46.0	0.0
16.0	46.0	0.0
17.0	46.0	0.0
18.0	46.0	0.0
19.0	46.0	0.0
20.0	46.0	0.0
21.0	46.0	0.0
22.0	46.0	0.0
23.0	46.0	0.0
24.0	46.0	0.0
25.0	46.0	0.0
26.0	46.0	0.0
27.0	46.0	0.0
28.0	46.0	0.0
29.0	46.0	0.0
30.0	46.0	0.0
31.0	46.0	0.0
32.0	46.0	0.0
33.0	46.0	0.0
34.0	46.0	0.0
35.0	46.0	0.0
36.0	46.0	0.0
37.0	46.0	0.0
38.0	46.0	0.0
39.0	46.0	0.0
40.0	46.0	0.0
41.0	46.0	0.0
42.0	46.0	0.0
43.0	46.0	0.0
44.0	46.0	0.0
45.0	46.0	0.0
46.0	46.0	0.0
47.0	46.0	0.0
48.0	46.0	0.0
49.0	46.0	0.0
50.0	46.0	0.0

1.0	47.0	3388.0
2.0	47.0	3278.0
3.0	47.0	3464.0
4.0	47.0	3374.0
5.0	47.0	0.0
6.0	47.0	0.0
7.0	47.0	0.0
8.0	47.0	0.0
9.0	47.0	0.0
10.0	47.0	0.0
11.0	47.0	0.0
12.0	47.0	0.0
13.0	47.0	0.0
14.0	47.0	0.0
15.0	47.0	0.0
16.0	47.0	0.0
17.0	47.0	0.0
18.0	47.0	0.0
19.0	47.0	0.0
20.0	47.0	0.0
21.0	47.0	0.0
22.0	47.0	0.0
23.0	47.0	0.0
24.0	47.0	0.0
25.0	47.0	0.0
26.0	47.0	0.0
27.0	47.0	0.0
28.0	47.0	0.0
29.0	47.0	0.0
30.0	47.0	0.0
31.0	47.0	0.0
32.0	47.0	0.0
33.0	47.0	0.0
34.0	47.0	0.0
35.0	47.0	0.0
36.0	47.0	0.0
37.0	47.0	0.0
38.0	47.0	0.0
39.0	47.0	0.0
40.0	47.0	0.0
41.0	47.0	0.0
42.0	47.0	0.0
43.0	47.0	0.0
44.0	47.0	0.0
45.0	47.0	0.0
46.0	47.0	0.0
47.0	47.0	0.0
48.0	47.0	0.0
49.0	47.0	0.0
50.0	47.0	0.0

1.0	48.0	3264.0
2.0	48.0	3674.0
3.0	48.0	3404.0
4.0	48.0	0.0
5.0	48.0	0.0
6.0	48.0	0.0
7.0	48.0	0.0
8.0	48.0	0.0
9.0	48.0	0.0
10.0	48.0	0.0
11.0	48.0	0.0
12.0	48.0	0.0
13.0	48.0	0.0
14.0	48.0	0.0
15.0	48.0	0.0
16.0	48.0	0.0
17.0	48.0	0.0
18.0	48.0	0.0
19.0	48.0	0.0
20.0	48.0	0.0
21.0	48.0	0.0
22.0	48.0	0.0
23.0	48.0	0.0
24.0	48.0	0.0
25.0	48.0	0.0
26.0	48.0	0.0
27.0	48.0	0.0
28.0	48.0	0.0
29.0	48.0	0.0
30.0	48.0	0.0
31.0	48.0	0.0
32.0	48.0	0.0
33.0	48.0	0.0
34.0	48.0	0.0
35.0	48.0	0.0
36.0	48.0	0.0
37.0	48.0	0.0
38.0	48.0	0.0
39.0	48.0	0.0
40.0	48.0	0.0
41.0	48.0	0.0
42.0	48.0	0.0
43.0	48.0	0.0
44.0	48.0	0.0
45.0	48.0	0.0
46.0	48.0	0.0
47.0	48.0	0.0
48.0	48.0	0.0
49.0	48.0	0.0
50.0	48.0	0.0

1.0	49.0	3240.0
2.0	49.0	3342.0
3.0	49.0	0.0
4.0	49.0	0.0
5.0	49.0	0.0
6.0	49.0	0.0
7.0	49.0	0.0
8.0	49.0	0.0
9.0	49.0	0.0
10.0	49.0	0.0
11.0	49.0	0.0
12.0	49.0	0.0
13.0	49.0	0.0
14.0	49.0	0.0
15.0	49.0	0.0
16.0	49.0	0.0
17.0	49.0	0.0
18.0	49.0	0.0
19.0	49.0	0.0
20.0	49.0	0.0
21.0	49.0	0.0
22.0	49.0	0.0
23.0	49.0	0.0
24.0	49.0	0.0
25.0	49.0	0.0
26.0	49.0	0.0
27.0	49.0	0.0
28.0	49.0	0.0
29.0	49.0	0.0
30.0	49.0	0.0
31.0	49.0	0.0
32.0	49.0	0.0
33.0	49.0	0.0
34.0	49.0	0.0
35.0	49.0	0.0
36.0	49.0	0.0
37.0	49.0	0.0
38.0	49.0	0.0
39.0	49.0	0.0
40.0	49.0	0.0
41.0	49.0	0.0
42.0	49.0	0.0
43.0	49.0	0.0
44.0	49.0	0.0
45.0	49.0	0.0
46.0	49.0	0.0
47.0	49.0	0.0
48.0	49.0	0.0
49.0	49.0	0.0
50.0	49.0	0.0

1.0	50.0	3620.0
2.0	50.0	0.0
3.0	50.0	0.0
4.0	50.0	0.0
5.0	50.0	0.0
6.0	50.0	0.0
7.0	50.0	0.0
8.0	50.0	0.0
9.0	50.0	0.0
10.0	50.0	0.0
11.0	50.0	0.0
12.0	50.0	0.0
13.0	50.0	0.0
14.0	50.0	0.0
15.0	50.0	0.0
16.0	50.0	0.0
17.0	50.0	0.0
18.0	50.0	0.0
19.0	50.0	0.0
20.0	50.0	0.0
21.0	50.0	0.0
22.0	50.0	0.0
23.0	50.0	0.0
24.0	50.0	0.0
25.0	50.0	0.0
26.0	50.0	0.0
27.0	50.0	0.0
28.0	50.0	0.0
29.0	50.0	0.0
30.0	50.0	0.0
31.0	50.0	0.0
32.0	50.0	0.0
33.0	50.0	0.0
34.0	50.0	0.0
35.0	50.0	0.0
36.0	50.0	0.0
37.0	50.0	0.0
38.0	50.0	0.0
39.0	50.0	0.0
40.0	50.0	0.0
41.0	50.0	0.0
42.0	50.0	0.0
43.0	50.0	0.0
44.0	50.0	0.0
45.0	50.0	0.0
46.0	50.0	0.0
47.0	50.0	0.0
48.0	50.0	0.0
49.0	50.0	0.0
50.0	50.0	0.0


