Length	Start	data
1.0	1.0	66.0
2.0	1.0	64.0
3.0	1.0	60.0
4.0	1.0	60.0
5.0	1.0	56.0
6.0	1.0	56.0
7.0	1.0	56.0
8.0	1.0	56.0
9.0	1.0	52.0
10.0	1.0	52.0
11.0	1.0	52.0
12.0	1.0	52.0
13.0	1.0	52.0
14.0	1.0	52.0
15.0	1.0	52.0
16.0	1.0	52.0
17.0	1.0	48.0
18.0	1.0	48.0
19.0	1.0	48.0
20.0	1.0	48.0
21.0	1.0	48.0
22.0	1.0	48.0
23.0	1.0	48.0
24.0	1.0	48.0
25.0	1.0	48.0
26.0	1.0	48.0
27.0	1.0	48.0
28.0	1.0	48.0
29.0	1.0	48.0
30.0	1.0	48.0
31.0	1.0	48.0
32.0	1.0	48.0
33.0	1.0	44.0
34.0	1.0	44.0
35.0	1.0	44.0
36.0	1.0	44.0
37.0	1.0	44.0
38.0	1.0	43.0
39.0	1.0	44.0
40.0	1.0	44.0
41.0	1.0	44.0
42.0	1.0	44.0
43.0	1.0	44.0
44.0	1.0	44.0
45.0	1.0	44.0
46.0	1.0	44.0
47.0	1.0	44.0
48.0	1.0	44.0
49.0	1.0	30.0
50.0	1.0	30.0

1.0	2.0	68.0
2.0	2.0	72.0
3.0	2.0	62.0
4.0	2.0	74.0
5.0	2.0	58.0
6.0	2.0	64.0
7.0	2.0	58.0
8.0	2.0	76.0
9.0	2.0	54.0
10.0	2.0	60.0
11.0	2.0	54.0
12.0	2.0	66.0
13.0	2.0	54.0
14.0	2.0	58.0
15.0	2.0	54.0
16.0	2.0	78.0
17.0	2.0	50.0
18.0	2.0	56.0
19.0	2.0	50.0
20.0	2.0	62.0
21.0	2.0	50.0
22.0	2.0	56.0
23.0	2.0	50.0
24.0	2.0	68.0
25.0	2.0	50.0
26.0	2.0	56.0
27.0	2.0	50.0
28.0	2.0	62.0
29.0	2.0	50.0
30.0	2.0	56.0
31.0	2.0	50.0
32.0	2.0	80.0
33.0	2.0	46.0
34.0	2.0	52.0
35.0	2.0	46.0
36.0	2.0	56.0
37.0	2.0	46.0
38.0	2.0	44.0
39.0	2.0	46.0
40.0	2.0	62.0
41.0	2.0	46.0
42.0	2.0	52.0
43.0	2.0	46.0
44.0	2.0	58.0
45.0	2.0	46.0
46.0	2.0	52.0
47.0	2.0	46.0
48.0	2.0	56.0
49.0	2.0	32.0
50.0	2.0	0.0

1.0	3.0	76.0
2.0	3.0	74.0
3.0	3.0	76.0
4.0	3.0	76.0
5.0	3.0	66.0
6.0	3.0	66.0
7.0	3.0	78.0
8.0	3.0	76.0
9.0	3.0	62.0
10.0	3.0	62.0
11.0	3.0	68.0
12.0	3.0	68.0
13.0	3.0	62.0
14.0	3.0	62.0
15.0	3.0	80.0
16.0	3.0	80.0
17.0	3.0	58.0
18.0	3.0	57.0
19.0	3.0	64.0
20.0	3.0	64.0
21.0	3.0	58.0
22.0	3.0	58.0
23.0	3.0	70.0
24.0	3.0	70.0
25.0	3.0	58.0
26.0	3.0	58.0
27.0	3.0	64.0
28.0	3.0	64.0
29.0	3.0	58.0
30.0	3.0	56.0
31.0	3.0	82.0
32.0	3.0	82.0
33.0	3.0	54.0
34.0	3.0	54.0
35.0	3.0	60.0
36.0	3.0	60.0
37.0	3.0	54.0
38.0	3.0	54.0
39.0	3.0	66.0
40.0	3.0	66.0
41.0	3.0	54.0
42.0	3.0	54.0
43.0	3.0	60.0
44.0	3.0	60.0
45.0	3.0	54.0
46.0	3.0	54.0
47.0	3.0	58.0
48.0	3.0	58.0
49.0	3.0	0.0
50.0	3.0	0.0

1.0	4.0	78.0
2.0	4.0	88.0
3.0	4.0	78.0
4.0	4.0	84.0
5.0	4.0	68.0
6.0	4.0	82.0
7.0	4.0	80.0
8.0	4.0	86.0
9.0	4.0	63.0
10.0	4.0	76.0
11.0	4.0	70.0
12.0	4.0	76.0
13.0	4.0	64.0
14.0	4.0	88.0
15.0	4.0	82.0
16.0	4.0	88.0
17.0	4.0	60.0
18.0	4.0	72.0
19.0	4.0	66.0
20.0	4.0	72.0
21.0	4.0	60.0
22.0	4.0	78.0
23.0	4.0	72.0
24.0	4.0	78.0
25.0	4.0	60.0
26.0	4.0	72.0
27.0	4.0	66.0
28.0	4.0	72.0
29.0	4.0	60.0
30.0	4.0	90.0
31.0	4.0	84.0
32.0	4.0	90.0
33.0	4.0	56.0
34.0	4.0	68.0
35.0	4.0	61.0
36.0	4.0	68.0
37.0	4.0	56.0
38.0	4.0	74.0
39.0	4.0	68.0
40.0	4.0	74.0
41.0	4.0	56.0
42.0	4.0	68.0
43.0	4.0	62.0
44.0	4.0	68.0
45.0	4.0	56.0
46.0	4.0	66.0
47.0	4.0	52.0
48.0	4.0	0.0
49.0	4.0	0.0
50.0	4.0	0.0

1.0	5.0	88.0
2.0	5.0	90.0
3.0	5.0	86.0
4.0	5.0	86.0
5.0	5.0	88.0
6.0	5.0	88.0
7.0	5.0	88.0
8.0	5.0	88.0
9.0	5.0	78.0
10.0	5.0	78.0
11.0	5.0	78.0
12.0	5.0	78.0
13.0	5.0	86.0
14.0	5.0	88.0
15.0	5.0	90.0
16.0	5.0	90.0
17.0	5.0	74.0
18.0	5.0	74.0
19.0	5.0	74.0
20.0	5.0	73.0
21.0	5.0	80.0
22.0	5.0	80.0
23.0	5.0	80.0
24.0	5.0	78.0
25.0	5.0	68.0
26.0	5.0	74.0
27.0	5.0	74.0
28.0	5.0	74.0
29.0	5.0	90.0
30.0	5.0	91.0
31.0	5.0	92.0
32.0	5.0	92.0
33.0	5.0	56.0
34.0	5.0	70.0
35.0	5.0	70.0
36.0	5.0	70.0
37.0	5.0	76.0
38.0	5.0	74.0
39.0	5.0	76.0
40.0	5.0	72.0
41.0	5.0	70.0
42.0	5.0	70.0
43.0	5.0	70.0
44.0	5.0	68.0
45.0	5.0	68.0
46.0	5.0	68.0
47.0	5.0	0.0
48.0	5.0	0.0
49.0	5.0	0.0
50.0	5.0	0.0

1.0	6.0	94.0
2.0	6.0	98.0
3.0	6.0	88.0
4.0	6.0	106.0
5.0	6.0	90.0
6.0	6.0	96.0
7.0	6.0	90.0
8.0	6.0	102.0
9.0	6.0	80.0
10.0	6.0	86.0
11.0	6.0	80.0
12.0	6.0	104.0
13.0	6.0	92.0
14.0	6.0	98.0
15.0	6.0	92.0
16.0	6.0	104.0
17.0	6.0	76.0
18.0	6.0	82.0
19.0	6.0	76.0
20.0	6.0	94.0
21.0	6.0	82.0
22.0	6.0	88.0
23.0	6.0	82.0
24.0	6.0	90.0
25.0	6.0	76.0
26.0	6.0	82.0
27.0	6.0	76.0
28.0	6.0	106.0
29.0	6.0	94.0
30.0	6.0	100.0
31.0	6.0	94.0
32.0	6.0	106.0
33.0	6.0	68.0
34.0	6.0	78.0
35.0	6.0	72.0
36.0	6.0	90.0
37.0	6.0	78.0
38.0	6.0	84.0
39.0	6.0	78.0
40.0	6.0	90.0
41.0	6.0	72.0
42.0	6.0	78.0
43.0	6.0	72.0
44.0	6.0	82.0
45.0	6.0	68.0
46.0	6.0	0.0
47.0	6.0	0.0
48.0	6.0	0.0
49.0	6.0	0.0
50.0	6.0	0.0

1.0	7.0	102.0
2.0	7.0	100.0
3.0	7.0	104.0
4.0	7.0	107.0
5.0	7.0	98.0
6.0	7.0	98.0
7.0	7.0	104.0
8.0	7.0	104.0
9.0	7.0	80.0
10.0	7.0	87.0
11.0	7.0	104.0
12.0	7.0	106.0
13.0	7.0	100.0
14.0	7.0	100.0
15.0	7.0	106.0
16.0	7.0	106.0
17.0	7.0	84.0
18.0	7.0	80.0
19.0	7.0	96.0
20.0	7.0	94.0
21.0	7.0	90.0
22.0	7.0	90.0
23.0	7.0	96.0
24.0	7.0	96.0
25.0	7.0	82.0
26.0	7.0	84.0
27.0	7.0	108.0
28.0	7.0	94.0
29.0	7.0	102.0
30.0	7.0	102.0
31.0	7.0	108.0
32.0	7.0	108.0
33.0	7.0	80.0
34.0	7.0	80.0
35.0	7.0	92.0
36.0	7.0	92.0
37.0	7.0	86.0
38.0	7.0	84.0
39.0	7.0	92.0
40.0	7.0	92.0
41.0	7.0	80.0
42.0	7.0	80.0
43.0	7.0	84.0
44.0	7.0	82.0
45.0	7.0	0.0
46.0	7.0	0.0
47.0	7.0	0.0
48.0	7.0	0.0
49.0	7.0	0.0
50.0	7.0	0.0

1.0	8.0	104.0
2.0	8.0	120.0
3.0	8.0	109.0
4.0	8.0	115.0
5.0	8.0	100.0
6.0	8.0	112.0
7.0	8.0	106.0
8.0	8.0	112.0
9.0	8.0	88.0
10.0	8.0	114.0
11.0	8.0	108.0
12.0	8.0	114.0
13.0	8.0	102.0
14.0	8.0	112.0
15.0	8.0	108.0
16.0	8.0	113.0
17.0	8.0	86.0
18.0	8.0	104.0
19.0	8.0	92.0
20.0	8.0	104.0
21.0	8.0	92.0
22.0	8.0	104.0
23.0	8.0	96.0
24.0	8.0	104.0
25.0	8.0	86.0
26.0	8.0	116.0
27.0	8.0	110.0
28.0	8.0	116.0
29.0	8.0	104.0
30.0	8.0	116.0
31.0	8.0	110.0
32.0	8.0	116.0
33.0	8.0	82.0
34.0	8.0	100.0
35.0	8.0	94.0
36.0	8.0	100.0
37.0	8.0	88.0
38.0	8.0	100.0
39.0	8.0	93.0
40.0	8.0	100.0
41.0	8.0	82.0
42.0	8.0	90.0
43.0	8.0	86.0
44.0	8.0	0.0
45.0	8.0	0.0
46.0	8.0	0.0
47.0	8.0	0.0
48.0	8.0	0.0
49.0	8.0	0.0
50.0	8.0	0.0

1.0	9.0	124.0
2.0	9.0	122.0
3.0	9.0	118.0
4.0	9.0	118.0
5.0	9.0	112.0
6.0	9.0	113.0
7.0	9.0	114.0
8.0	9.0	114.0
9.0	9.0	115.0
10.0	9.0	116.0
11.0	9.0	112.0
12.0	9.0	102.0
13.0	9.0	116.0
14.0	9.0	115.0
15.0	9.0	116.0
16.0	9.0	116.0
17.0	9.0	106.0
18.0	9.0	106.0
19.0	9.0	106.0
20.0	9.0	104.0
21.0	9.0	106.0
22.0	9.0	106.0
23.0	9.0	104.0
24.0	9.0	106.0
25.0	9.0	117.0
26.0	9.0	118.0
27.0	9.0	110.0
28.0	9.0	118.0
29.0	9.0	118.0
30.0	9.0	118.0
31.0	9.0	114.0
32.0	9.0	118.0
33.0	9.0	101.0
34.0	9.0	94.0
35.0	9.0	100.0
36.0	9.0	102.0
37.0	9.0	102.0
38.0	9.0	102.0
39.0	9.0	102.0
40.0	9.0	102.0
41.0	9.0	94.0
42.0	9.0	94.0
43.0	9.0	0.0
44.0	9.0	0.0
45.0	9.0	0.0
46.0	9.0	0.0
47.0	9.0	0.0
48.0	9.0	0.0
49.0	9.0	0.0
50.0	9.0	0.0

1.0	10.0	126.0
2.0	10.0	128.0
3.0	10.0	120.0
4.0	10.0	128.0
5.0	10.0	116.0
6.0	10.0	122.0
7.0	10.0	116.0
8.0	10.0	140.0
9.0	10.0	118.0
10.0	10.0	124.0
11.0	10.0	118.0
12.0	10.0	130.0
13.0	10.0	118.0
14.0	10.0	124.0
15.0	10.0	118.0
16.0	10.0	136.0
17.0	10.0	106.0
18.0	10.0	114.0
19.0	10.0	108.0
20.0	10.0	120.0
21.0	10.0	108.0
22.0	10.0	114.0
23.0	10.0	108.0
24.0	10.0	138.0
25.0	10.0	116.0
26.0	10.0	126.0
27.0	10.0	118.0
28.0	10.0	130.0
29.0	10.0	120.0
30.0	10.0	126.0
31.0	10.0	88.0
32.0	10.0	136.0
33.0	10.0	104.0
34.0	10.0	110.0
35.0	10.0	103.0
36.0	10.0	116.0
37.0	10.0	104.0
38.0	10.0	110.0
39.0	10.0	104.0
40.0	10.0	114.0
41.0	10.0	96.0
42.0	10.0	0.0
43.0	10.0	0.0
44.0	10.0	0.0
45.0	10.0	0.0
46.0	10.0	0.0
47.0	10.0	0.0
48.0	10.0	0.0
49.0	10.0	0.0
50.0	10.0	0.0

1.0	11.0	134.0
2.0	11.0	132.0
3.0	11.0	134.0
4.0	11.0	134.0
5.0	11.0	124.0
6.0	11.0	122.0
7.0	11.0	142.0
8.0	11.0	142.0
9.0	11.0	126.0
10.0	11.0	126.0
11.0	11.0	132.0
12.0	11.0	131.0
13.0	11.0	125.0
14.0	11.0	126.0
15.0	11.0	134.0
16.0	11.0	136.0
17.0	11.0	116.0
18.0	11.0	116.0
19.0	11.0	122.0
20.0	11.0	120.0
21.0	11.0	116.0
22.0	11.0	116.0
23.0	11.0	140.0
24.0	11.0	140.0
25.0	11.0	128.0
26.0	11.0	128.0
27.0	11.0	134.0
28.0	11.0	133.0
29.0	11.0	128.0
30.0	11.0	128.0
31.0	11.0	140.0
32.0	11.0	138.0
33.0	11.0	111.0
34.0	11.0	112.0
35.0	11.0	118.0
36.0	11.0	118.0
37.0	11.0	112.0
38.0	11.0	112.0
39.0	11.0	114.0
40.0	11.0	112.0
41.0	11.0	0.0
42.0	11.0	0.0
43.0	11.0	0.0
44.0	11.0	0.0
45.0	11.0	0.0
46.0	11.0	0.0
47.0	11.0	0.0
48.0	11.0	0.0
49.0	11.0	0.0
50.0	11.0	0.0

1.0	12.0	134.0
2.0	12.0	146.0
3.0	12.0	136.0
4.0	12.0	139.0
5.0	12.0	126.0
6.0	12.0	150.0
7.0	12.0	144.0
8.0	12.0	150.0
9.0	12.0	124.0
10.0	12.0	140.0
11.0	12.0	132.0
12.0	12.0	140.0
13.0	12.0	128.0
14.0	12.0	144.0
15.0	12.0	140.0
16.0	12.0	146.0
17.0	12.0	118.0
18.0	12.0	130.0
19.0	12.0	122.0
20.0	12.0	130.0
21.0	12.0	118.0
22.0	12.0	148.0
23.0	12.0	142.0
24.0	12.0	148.0
25.0	12.0	130.0
26.0	12.0	142.0
27.0	12.0	134.0
28.0	12.0	142.0
29.0	12.0	130.0
30.0	12.0	148.0
31.0	12.0	142.0
32.0	12.0	148.0
33.0	12.0	114.0
34.0	12.0	126.0
35.0	12.0	120.0
36.0	12.0	126.0
37.0	12.0	114.0
38.0	12.0	124.0
39.0	12.0	118.0
40.0	12.0	0.0
41.0	12.0	0.0
42.0	12.0	0.0
43.0	12.0	0.0
44.0	12.0	0.0
45.0	12.0	0.0
46.0	12.0	0.0
47.0	12.0	0.0
48.0	12.0	0.0
49.0	12.0	0.0
50.0	12.0	0.0

1.0	13.0	148.0
2.0	13.0	148.0
3.0	13.0	144.0
4.0	13.0	144.0
5.0	13.0	152.0
6.0	13.0	152.0
7.0	13.0	152.0
8.0	13.0	152.0
9.0	13.0	142.0
10.0	13.0	142.0
11.0	13.0	142.0
12.0	13.0	142.0
13.0	13.0	148.0
14.0	13.0	148.0
15.0	13.0	148.0
16.0	13.0	148.0
17.0	13.0	132.0
18.0	13.0	132.0
19.0	13.0	132.0
20.0	13.0	128.0
21.0	13.0	150.0
22.0	13.0	122.0
23.0	13.0	149.0
24.0	13.0	148.0
25.0	13.0	144.0
26.0	13.0	142.0
27.0	13.0	142.0
28.0	13.0	144.0
29.0	13.0	149.0
30.0	13.0	150.0
31.0	13.0	150.0
32.0	13.0	149.0
33.0	13.0	126.0
34.0	13.0	126.0
35.0	13.0	126.0
36.0	13.0	128.0
37.0	13.0	126.0
38.0	13.0	124.0
39.0	13.0	0.0
40.0	13.0	0.0
41.0	13.0	0.0
42.0	13.0	0.0
43.0	13.0	0.0
44.0	13.0	0.0
45.0	13.0	0.0
46.0	13.0	0.0
47.0	13.0	0.0
48.0	13.0	0.0
49.0	13.0	0.0
50.0	13.0	0.0

1.0	14.0	152.0
2.0	14.0	152.0
3.0	14.0	146.0
4.0	14.0	170.0
5.0	14.0	152.0
6.0	14.0	160.0
7.0	14.0	152.0
8.0	14.0	166.0
9.0	14.0	144.0
10.0	14.0	150.0
11.0	14.0	144.0
12.0	14.0	162.0
13.0	14.0	148.0
14.0	14.0	156.0
15.0	14.0	150.0
16.0	14.0	160.0
17.0	14.0	134.0
18.0	14.0	136.0
19.0	14.0	134.0
20.0	14.0	164.0
21.0	14.0	152.0
22.0	14.0	158.0
23.0	14.0	151.0
24.0	14.0	164.0
25.0	14.0	146.0
26.0	14.0	152.0
27.0	14.0	146.0
28.0	14.0	162.0
29.0	14.0	148.0
30.0	14.0	154.0
31.0	14.0	152.0
32.0	14.0	164.0
33.0	14.0	126.0
34.0	14.0	136.0
35.0	14.0	126.0
36.0	14.0	140.0
37.0	14.0	124.0
38.0	14.0	0.0
39.0	14.0	0.0
40.0	14.0	0.0
41.0	14.0	0.0
42.0	14.0	0.0
43.0	14.0	0.0
44.0	14.0	0.0
45.0	14.0	0.0
46.0	14.0	0.0
47.0	14.0	0.0
48.0	14.0	0.0
49.0	14.0	0.0
50.0	14.0	0.0

1.0	15.0	160.0
2.0	15.0	158.0
3.0	15.0	172.0
4.0	15.0	172.0
5.0	15.0	162.0
6.0	15.0	162.0
7.0	15.0	168.0
8.0	15.0	168.0
9.0	15.0	152.0
10.0	15.0	150.0
11.0	15.0	164.0
12.0	15.0	164.0
13.0	15.0	158.0
14.0	15.0	158.0
15.0	15.0	164.0
16.0	15.0	164.0
17.0	15.0	142.0
18.0	15.0	140.0
19.0	15.0	166.0
20.0	15.0	166.0
21.0	15.0	160.0
22.0	15.0	160.0
23.0	15.0	166.0
24.0	15.0	166.0
25.0	15.0	154.0
26.0	15.0	154.0
27.0	15.0	166.0
28.0	15.0	166.0
29.0	15.0	160.0
30.0	15.0	160.0
31.0	15.0	162.0
32.0	15.0	165.0
33.0	15.0	137.0
34.0	15.0	138.0
35.0	15.0	142.0
36.0	15.0	133.0
37.0	15.0	0.0
38.0	15.0	0.0
39.0	15.0	0.0
40.0	15.0	0.0
41.0	15.0	0.0
42.0	15.0	0.0
43.0	15.0	0.0
44.0	15.0	0.0
45.0	15.0	0.0
46.0	15.0	0.0
47.0	15.0	0.0
48.0	15.0	0.0
49.0	15.0	0.0
50.0	15.0	0.0

1.0	16.0	160.0
2.0	16.0	184.0
3.0	16.0	174.0
4.0	16.0	180.0
5.0	16.0	164.0
6.0	16.0	176.0
7.0	16.0	168.0
8.0	16.0	174.0
9.0	16.0	154.0
10.0	16.0	172.0
11.0	16.0	166.0
12.0	16.0	172.0
13.0	16.0	160.0
14.0	16.0	172.0
15.0	16.0	166.0
16.0	16.0	172.0
17.0	16.0	144.0
18.0	16.0	174.0
19.0	16.0	167.0
20.0	16.0	174.0
21.0	16.0	162.0
22.0	16.0	174.0
23.0	16.0	166.0
24.0	16.0	174.0
25.0	16.0	156.0
26.0	16.0	173.0
27.0	16.0	168.0
28.0	16.0	174.0
29.0	16.0	162.0
30.0	16.0	170.0
31.0	16.0	168.0
32.0	16.0	174.0
33.0	16.0	139.0
34.0	16.0	148.0
35.0	16.0	144.0
36.0	16.0	0.0
37.0	16.0	0.0
38.0	16.0	0.0
39.0	16.0	0.0
40.0	16.0	0.0
41.0	16.0	0.0
42.0	16.0	0.0
43.0	16.0	0.0
44.0	16.0	0.0
45.0	16.0	0.0
46.0	16.0	0.0
47.0	16.0	0.0
48.0	16.0	0.0
49.0	16.0	0.0
50.0	16.0	0.0

1.0	17.0	188.0
2.0	17.0	186.0
3.0	17.0	182.0
4.0	17.0	182.0
5.0	17.0	178.0
6.0	17.0	164.0
7.0	17.0	178.0
8.0	17.0	178.0
9.0	17.0	174.0
10.0	17.0	174.0
11.0	17.0	174.0
12.0	17.0	172.0
13.0	17.0	174.0
14.0	17.0	174.0
15.0	17.0	174.0
16.0	17.0	144.0
17.0	17.0	176.0
18.0	17.0	176.0
19.0	17.0	154.0
20.0	17.0	176.0
21.0	17.0	176.0
22.0	17.0	176.0
23.0	17.0	176.0
24.0	17.0	176.0
25.0	17.0	176.0
26.0	17.0	175.0
27.0	17.0	172.0
28.0	17.0	175.0
29.0	17.0	176.0
30.0	17.0	176.0
31.0	17.0	176.0
32.0	17.0	174.0
33.0	17.0	152.0
34.0	17.0	152.0
35.0	17.0	0.0
36.0	17.0	0.0
37.0	17.0	0.0
38.0	17.0	0.0
39.0	17.0	0.0
40.0	17.0	0.0
41.0	17.0	0.0
42.0	17.0	0.0
43.0	17.0	0.0
44.0	17.0	0.0
45.0	17.0	0.0
46.0	17.0	0.0
47.0	17.0	0.0
48.0	17.0	0.0
49.0	17.0	0.0
50.0	17.0	0.0

1.0	18.0	190.0
2.0	18.0	194.0
3.0	18.0	184.0
4.0	18.0	196.0
5.0	18.0	180.0
6.0	18.0	183.0
7.0	18.0	180.0
8.0	18.0	197.0
9.0	18.0	176.0
10.0	18.0	182.0
11.0	18.0	175.0
12.0	18.0	188.0
13.0	18.0	176.0
14.0	18.0	182.0
15.0	18.0	176.0
16.0	18.0	206.0
17.0	18.0	178.0
18.0	18.0	182.0
19.0	18.0	178.0
20.0	18.0	190.0
21.0	18.0	178.0
22.0	18.0	180.0
23.0	18.0	171.0
24.0	18.0	196.0
25.0	18.0	172.0
26.0	18.0	182.0
27.0	18.0	178.0
28.0	18.0	190.0
29.0	18.0	178.0
30.0	18.0	184.0
31.0	18.0	175.0
32.0	18.0	186.0
33.0	18.0	154.0
34.0	18.0	0.0
35.0	18.0	0.0
36.0	18.0	0.0
37.0	18.0	0.0
38.0	18.0	0.0
39.0	18.0	0.0
40.0	18.0	0.0
41.0	18.0	0.0
42.0	18.0	0.0
43.0	18.0	0.0
44.0	18.0	0.0
45.0	18.0	0.0
46.0	18.0	0.0
47.0	18.0	0.0
48.0	18.0	0.0
49.0	18.0	0.0
50.0	18.0	0.0

1.0	19.0	198.0
2.0	19.0	194.0
3.0	19.0	198.0
4.0	19.0	193.0
5.0	19.0	188.0
6.0	19.0	188.0
7.0	19.0	198.0
8.0	19.0	198.0
9.0	19.0	184.0
10.0	19.0	184.0
11.0	19.0	190.0
12.0	19.0	190.0
13.0	19.0	184.0
14.0	19.0	184.0
15.0	19.0	208.0
16.0	19.0	208.0
17.0	19.0	186.0
18.0	19.0	186.0
19.0	19.0	192.0
20.0	19.0	188.0
21.0	19.0	186.0
22.0	19.0	186.0
23.0	19.0	198.0
24.0	19.0	196.0
25.0	19.0	184.0
26.0	19.0	178.0
27.0	19.0	190.0
28.0	19.0	192.0
29.0	19.0	186.0
30.0	19.0	186.0
31.0	19.0	190.0
32.0	19.0	190.0
33.0	19.0	0.0
34.0	19.0	0.0
35.0	19.0	0.0
36.0	19.0	0.0
37.0	19.0	0.0
38.0	19.0	0.0
39.0	19.0	0.0
40.0	19.0	0.0
41.0	19.0	0.0
42.0	19.0	0.0
43.0	19.0	0.0
44.0	19.0	0.0
45.0	19.0	0.0
46.0	19.0	0.0
47.0	19.0	0.0
48.0	19.0	0.0
49.0	19.0	0.0
50.0	19.0	0.0

1.0	20.0	200.0
2.0	20.0	208.0
3.0	20.0	198.0
4.0	20.0	206.0
5.0	20.0	188.0
6.0	20.0	208.0
7.0	20.0	202.0
8.0	20.0	208.0
9.0	20.0	185.0
10.0	20.0	194.0
11.0	20.0	192.0
12.0	20.0	194.0
13.0	20.0	186.0
14.0	20.0	216.0
15.0	20.0	210.0
16.0	20.0	215.0
17.0	20.0	188.0
18.0	20.0	186.0
19.0	20.0	189.0
20.0	20.0	200.0
21.0	20.0	188.0
22.0	20.0	206.0
23.0	20.0	200.0
24.0	20.0	206.0
25.0	20.0	188.0
26.0	20.0	200.0
27.0	20.0	194.0
28.0	20.0	200.0
29.0	20.0	188.0
30.0	20.0	194.0
31.0	20.0	192.0
32.0	20.0	0.0
33.0	20.0	0.0
34.0	20.0	0.0
35.0	20.0	0.0
36.0	20.0	0.0
37.0	20.0	0.0
38.0	20.0	0.0
39.0	20.0	0.0
40.0	20.0	0.0
41.0	20.0	0.0
42.0	20.0	0.0
43.0	20.0	0.0
44.0	20.0	0.0
45.0	20.0	0.0
46.0	20.0	0.0
47.0	20.0	0.0
48.0	20.0	0.0
49.0	20.0	0.0
50.0	20.0	0.0

1.0	21.0	214.0
2.0	21.0	212.0
3.0	21.0	204.0
4.0	21.0	208.0
5.0	21.0	210.0
6.0	21.0	210.0
7.0	21.0	210.0
8.0	21.0	210.0
9.0	21.0	198.0
10.0	21.0	196.0
11.0	21.0	198.0
12.0	21.0	196.0
13.0	21.0	218.0
14.0	21.0	218.0
15.0	21.0	218.0
16.0	21.0	216.0
17.0	21.0	194.0
18.0	21.0	202.0
19.0	21.0	202.0
20.0	21.0	202.0
21.0	21.0	208.0
22.0	21.0	208.0
23.0	21.0	208.0
24.0	21.0	206.0
25.0	21.0	202.0
26.0	21.0	202.0
27.0	21.0	202.0
28.0	21.0	196.0
29.0	21.0	200.0
30.0	21.0	200.0
31.0	21.0	0.0
32.0	21.0	0.0
33.0	21.0	0.0
34.0	21.0	0.0
35.0	21.0	0.0
36.0	21.0	0.0
37.0	21.0	0.0
38.0	21.0	0.0
39.0	21.0	0.0
40.0	21.0	0.0
41.0	21.0	0.0
42.0	21.0	0.0
43.0	21.0	0.0
44.0	21.0	0.0
45.0	21.0	0.0
46.0	21.0	0.0
47.0	21.0	0.0
48.0	21.0	0.0
49.0	21.0	0.0
50.0	21.0	0.0

1.0	22.0	215.0
2.0	22.0	220.0
3.0	22.0	210.0
4.0	22.0	228.0
5.0	22.0	208.0
6.0	22.0	216.0
7.0	22.0	212.0
8.0	22.0	224.0
9.0	22.0	202.0
10.0	22.0	200.0
11.0	22.0	202.0
12.0	22.0	232.0
13.0	22.0	212.0
14.0	22.0	220.0
15.0	22.0	220.0
16.0	22.0	232.0
17.0	22.0	204.0
18.0	22.0	206.0
19.0	22.0	204.0
20.0	22.0	221.0
21.0	22.0	210.0
22.0	22.0	216.0
23.0	22.0	209.0
24.0	22.0	222.0
25.0	22.0	204.0
26.0	22.0	208.0
27.0	22.0	204.0
28.0	22.0	208.0
29.0	22.0	194.0
30.0	22.0	0.0
31.0	22.0	0.0
32.0	22.0	0.0
33.0	22.0	0.0
34.0	22.0	0.0
35.0	22.0	0.0
36.0	22.0	0.0
37.0	22.0	0.0
38.0	22.0	0.0
39.0	22.0	0.0
40.0	22.0	0.0
41.0	22.0	0.0
42.0	22.0	0.0
43.0	22.0	0.0
44.0	22.0	0.0
45.0	22.0	0.0
46.0	22.0	0.0
47.0	22.0	0.0
48.0	22.0	0.0
49.0	22.0	0.0
50.0	22.0	0.0

1.0	23.0	224.0
2.0	23.0	221.0
3.0	23.0	227.0
4.0	23.0	224.0
5.0	23.0	220.0
6.0	23.0	220.0
7.0	23.0	216.0
8.0	23.0	226.0
9.0	23.0	207.0
10.0	23.0	209.0
11.0	23.0	234.0
12.0	23.0	232.0
13.0	23.0	228.0
14.0	23.0	228.0
15.0	23.0	234.0
16.0	23.0	234.0
17.0	23.0	212.0
18.0	23.0	212.0
19.0	23.0	222.0
20.0	23.0	220.0
21.0	23.0	217.0
22.0	23.0	218.0
23.0	23.0	222.0
24.0	23.0	222.0
25.0	23.0	210.0
26.0	23.0	208.0
27.0	23.0	216.0
28.0	23.0	216.0
29.0	23.0	0.0
30.0	23.0	0.0
31.0	23.0	0.0
32.0	23.0	0.0
33.0	23.0	0.0
34.0	23.0	0.0
35.0	23.0	0.0
36.0	23.0	0.0
37.0	23.0	0.0
38.0	23.0	0.0
39.0	23.0	0.0
40.0	23.0	0.0
41.0	23.0	0.0
42.0	23.0	0.0
43.0	23.0	0.0
44.0	23.0	0.0
45.0	23.0	0.0
46.0	23.0	0.0
47.0	23.0	0.0
48.0	23.0	0.0
49.0	23.0	0.0
50.0	23.0	0.0

1.0	24.0	226.0
2.0	24.0	242.0
3.0	24.0	232.0
4.0	24.0	238.0
5.0	24.0	222.0
6.0	24.0	232.0
7.0	24.0	228.0
8.0	24.0	234.0
9.0	24.0	212.0
10.0	24.0	242.0
11.0	24.0	234.0
12.0	24.0	242.0
13.0	24.0	230.0
14.0	24.0	238.0
15.0	24.0	236.0
16.0	24.0	242.0
17.0	24.0	214.0
18.0	24.0	232.0
19.0	24.0	226.0
20.0	24.0	226.0
21.0	24.0	220.0
22.0	24.0	232.0
23.0	24.0	226.0
24.0	24.0	232.0
25.0	24.0	214.0
26.0	24.0	224.0
27.0	24.0	218.0
28.0	24.0	0.0
29.0	24.0	0.0
30.0	24.0	0.0
31.0	24.0	0.0
32.0	24.0	0.0
33.0	24.0	0.0
34.0	24.0	0.0
35.0	24.0	0.0
36.0	24.0	0.0
37.0	24.0	0.0
38.0	24.0	0.0
39.0	24.0	0.0
40.0	24.0	0.0
41.0	24.0	0.0
42.0	24.0	0.0
43.0	24.0	0.0
44.0	24.0	0.0
45.0	24.0	0.0
46.0	24.0	0.0
47.0	24.0	0.0
48.0	24.0	0.0
49.0	24.0	0.0
50.0	24.0	0.0

1.0	25.0	246.0
2.0	25.0	244.0
3.0	25.0	238.0
4.0	25.0	240.0
5.0	25.0	236.0
6.0	25.0	235.0
7.0	25.0	218.0
8.0	25.0	234.0
9.0	25.0	244.0
10.0	25.0	242.0
11.0	25.0	244.0
12.0	25.0	242.0
13.0	25.0	240.0
14.0	25.0	244.0
15.0	25.0	240.0
16.0	25.0	244.0
17.0	25.0	234.0
18.0	25.0	234.0
19.0	25.0	234.0
20.0	25.0	225.0
21.0	25.0	234.0
22.0	25.0	234.0
23.0	25.0	232.0
24.0	25.0	234.0
25.0	25.0	224.0
26.0	25.0	226.0
27.0	25.0	0.0
28.0	25.0	0.0
29.0	25.0	0.0
30.0	25.0	0.0
31.0	25.0	0.0
32.0	25.0	0.0
33.0	25.0	0.0
34.0	25.0	0.0
35.0	25.0	0.0
36.0	25.0	0.0
37.0	25.0	0.0
38.0	25.0	0.0
39.0	25.0	0.0
40.0	25.0	0.0
41.0	25.0	0.0
42.0	25.0	0.0
43.0	25.0	0.0
44.0	25.0	0.0
45.0	25.0	0.0
46.0	25.0	0.0
47.0	25.0	0.0
48.0	25.0	0.0
49.0	25.0	0.0
50.0	25.0	0.0

1.0	26.0	248.0
2.0	26.0	250.0
3.0	26.0	242.0
4.0	26.0	250.0
5.0	26.0	238.0
6.0	26.0	244.0
7.0	26.0	238.0
8.0	26.0	268.0
9.0	26.0	244.0
10.0	26.0	248.0
11.0	26.0	246.0
12.0	26.0	258.0
13.0	26.0	246.0
14.0	26.0	248.0
15.0	26.0	246.0
16.0	26.0	264.0
17.0	26.0	232.0
18.0	26.0	242.0
19.0	26.0	234.0
20.0	26.0	248.0
21.0	26.0	236.0
22.0	26.0	241.0
23.0	26.0	236.0
24.0	26.0	243.0
25.0	26.0	228.0
26.0	26.0	0.0
27.0	26.0	0.0
28.0	26.0	0.0
29.0	26.0	0.0
30.0	26.0	0.0
31.0	26.0	0.0
32.0	26.0	0.0
33.0	26.0	0.0
34.0	26.0	0.0
35.0	26.0	0.0
36.0	26.0	0.0
37.0	26.0	0.0
38.0	26.0	0.0
39.0	26.0	0.0
40.0	26.0	0.0
41.0	26.0	0.0
42.0	26.0	0.0
43.0	26.0	0.0
44.0	26.0	0.0
45.0	26.0	0.0
46.0	26.0	0.0
47.0	26.0	0.0
48.0	26.0	0.0
49.0	26.0	0.0
50.0	26.0	0.0

1.0	27.0	256.0
2.0	27.0	254.0
3.0	27.0	256.0
4.0	27.0	256.0
5.0	27.0	246.0
6.0	27.0	246.0
7.0	27.0	266.0
8.0	27.0	270.0
9.0	27.0	254.0
10.0	27.0	252.0
11.0	27.0	256.0
12.0	27.0	258.0
13.0	27.0	252.0
14.0	27.0	251.0
15.0	27.0	266.0
16.0	27.0	266.0
17.0	27.0	244.0
18.0	27.0	242.0
19.0	27.0	249.0
20.0	27.0	250.0
21.0	27.0	244.0
22.0	27.0	242.0
23.0	27.0	246.0
24.0	27.0	247.0
25.0	27.0	0.0
26.0	27.0	0.0
27.0	27.0	0.0
28.0	27.0	0.0
29.0	27.0	0.0
30.0	27.0	0.0
31.0	27.0	0.0
32.0	27.0	0.0
33.0	27.0	0.0
34.0	27.0	0.0
35.0	27.0	0.0
36.0	27.0	0.0
37.0	27.0	0.0
38.0	27.0	0.0
39.0	27.0	0.0
40.0	27.0	0.0
41.0	27.0	0.0
42.0	27.0	0.0
43.0	27.0	0.0
44.0	27.0	0.0
45.0	27.0	0.0
46.0	27.0	0.0
47.0	27.0	0.0
48.0	27.0	0.0
49.0	27.0	0.0
50.0	27.0	0.0

1.0	28.0	256.0
2.0	28.0	267.0
3.0	28.0	256.0
4.0	28.0	260.0
5.0	28.0	248.0
6.0	28.0	278.0
7.0	28.0	272.0
8.0	28.0	278.0
9.0	28.0	256.0
10.0	28.0	264.0
11.0	28.0	260.0
12.0	28.0	268.0
13.0	28.0	256.0
14.0	28.0	274.0
15.0	28.0	268.0
16.0	28.0	274.0
17.0	28.0	242.0
18.0	28.0	256.0
19.0	28.0	252.0
20.0	28.0	258.0
21.0	28.0	244.0
22.0	28.0	252.0
23.0	28.0	230.0
24.0	28.0	0.0
25.0	28.0	0.0
26.0	28.0	0.0
27.0	28.0	0.0
28.0	28.0	0.0
29.0	28.0	0.0
30.0	28.0	0.0
31.0	28.0	0.0
32.0	28.0	0.0
33.0	28.0	0.0
34.0	28.0	0.0
35.0	28.0	0.0
36.0	28.0	0.0
37.0	28.0	0.0
38.0	28.0	0.0
39.0	28.0	0.0
40.0	28.0	0.0
41.0	28.0	0.0
42.0	28.0	0.0
43.0	28.0	0.0
44.0	28.0	0.0
45.0	28.0	0.0
46.0	28.0	0.0
47.0	28.0	0.0
48.0	28.0	0.0
49.0	28.0	0.0
50.0	28.0	0.0

1.0	29.0	272.0
2.0	29.0	270.0
3.0	29.0	265.0
4.0	29.0	266.0
5.0	29.0	270.0
6.0	29.0	280.0
7.0	29.0	279.0
8.0	29.0	280.0
9.0	29.0	270.0
10.0	29.0	270.0
11.0	29.0	270.0
12.0	29.0	266.0
13.0	29.0	276.0
14.0	29.0	275.0
15.0	29.0	276.0
16.0	29.0	275.0
17.0	29.0	260.0
18.0	29.0	260.0
19.0	29.0	260.0
20.0	29.0	260.0
21.0	29.0	258.0
22.0	29.0	258.0
23.0	29.0	0.0
24.0	29.0	0.0
25.0	29.0	0.0
26.0	29.0	0.0
27.0	29.0	0.0
28.0	29.0	0.0
29.0	29.0	0.0
30.0	29.0	0.0
31.0	29.0	0.0
32.0	29.0	0.0
33.0	29.0	0.0
34.0	29.0	0.0
35.0	29.0	0.0
36.0	29.0	0.0
37.0	29.0	0.0
38.0	29.0	0.0
39.0	29.0	0.0
40.0	29.0	0.0
41.0	29.0	0.0
42.0	29.0	0.0
43.0	29.0	0.0
44.0	29.0	0.0
45.0	29.0	0.0
46.0	29.0	0.0
47.0	29.0	0.0
48.0	29.0	0.0
49.0	29.0	0.0
50.0	29.0	0.0

1.0	30.0	272.0
2.0	30.0	274.0
3.0	30.0	268.0
4.0	30.0	298.0
5.0	30.0	282.0
6.0	30.0	286.0
7.0	30.0	282.0
8.0	30.0	288.0
9.0	30.0	272.0
10.0	30.0	278.0
11.0	30.0	272.0
12.0	30.0	290.0
13.0	30.0	277.0
14.0	30.0	284.0
15.0	30.0	278.0
16.0	30.0	289.0
17.0	30.0	255.0
18.0	30.0	266.0
19.0	30.0	262.0
20.0	30.0	272.0
21.0	30.0	260.0
22.0	30.0	0.0
23.0	30.0	0.0
24.0	30.0	0.0
25.0	30.0	0.0
26.0	30.0	0.0
27.0	30.0	0.0
28.0	30.0	0.0
29.0	30.0	0.0
30.0	30.0	0.0
31.0	30.0	0.0
32.0	30.0	0.0
33.0	30.0	0.0
34.0	30.0	0.0
35.0	30.0	0.0
36.0	30.0	0.0
37.0	30.0	0.0
38.0	30.0	0.0
39.0	30.0	0.0
40.0	30.0	0.0
41.0	30.0	0.0
42.0	30.0	0.0
43.0	30.0	0.0
44.0	30.0	0.0
45.0	30.0	0.0
46.0	30.0	0.0
47.0	30.0	0.0
48.0	30.0	0.0
49.0	30.0	0.0
50.0	30.0	0.0

1.0	31.0	276.0
2.0	31.0	280.0
3.0	31.0	298.0
4.0	31.0	298.0
5.0	31.0	290.0
6.0	31.0	290.0
7.0	31.0	294.0
8.0	31.0	296.0
9.0	31.0	276.0
10.0	31.0	280.0
11.0	31.0	287.0
12.0	31.0	288.0
13.0	31.0	278.0
14.0	31.0	284.0
15.0	31.0	289.0
16.0	31.0	292.0
17.0	31.0	270.0
18.0	31.0	270.0
19.0	31.0	273.0
20.0	31.0	272.0
21.0	31.0	0.0
22.0	31.0	0.0
23.0	31.0	0.0
24.0	31.0	0.0
25.0	31.0	0.0
26.0	31.0	0.0
27.0	31.0	0.0
28.0	31.0	0.0
29.0	31.0	0.0
30.0	31.0	0.0
31.0	31.0	0.0
32.0	31.0	0.0
33.0	31.0	0.0
34.0	31.0	0.0
35.0	31.0	0.0
36.0	31.0	0.0
37.0	31.0	0.0
38.0	31.0	0.0
39.0	31.0	0.0
40.0	31.0	0.0
41.0	31.0	0.0
42.0	31.0	0.0
43.0	31.0	0.0
44.0	31.0	0.0
45.0	31.0	0.0
46.0	31.0	0.0
47.0	31.0	0.0
48.0	31.0	0.0
49.0	31.0	0.0
50.0	31.0	0.0

1.0	32.0	276.0
2.0	32.0	308.0
3.0	32.0	302.0
4.0	32.0	307.0
5.0	32.0	292.0
6.0	32.0	302.0
7.0	32.0	298.0
8.0	32.0	298.0
9.0	32.0	280.0
10.0	32.0	296.0
11.0	32.0	291.0
12.0	32.0	300.0
13.0	32.0	288.0
14.0	32.0	300.0
15.0	32.0	294.0
16.0	32.0	295.0
17.0	32.0	270.0
18.0	32.0	279.0
19.0	32.0	274.0
20.0	32.0	0.0
21.0	32.0	0.0
22.0	32.0	0.0
23.0	32.0	0.0
24.0	32.0	0.0
25.0	32.0	0.0
26.0	32.0	0.0
27.0	32.0	0.0
28.0	32.0	0.0
29.0	32.0	0.0
30.0	32.0	0.0
31.0	32.0	0.0
32.0	32.0	0.0
33.0	32.0	0.0
34.0	32.0	0.0
35.0	32.0	0.0
36.0	32.0	0.0
37.0	32.0	0.0
38.0	32.0	0.0
39.0	32.0	0.0
40.0	32.0	0.0
41.0	32.0	0.0
42.0	32.0	0.0
43.0	32.0	0.0
44.0	32.0	0.0
45.0	32.0	0.0
46.0	32.0	0.0
47.0	32.0	0.0
48.0	32.0	0.0
49.0	32.0	0.0
50.0	32.0	0.0

1.0	33.0	316.0
2.0	33.0	310.0
3.0	33.0	306.0
4.0	33.0	310.0
5.0	33.0	302.0
6.0	33.0	304.0
7.0	33.0	305.0
8.0	33.0	300.0
9.0	33.0	301.0
10.0	33.0	301.0
11.0	33.0	302.0
12.0	33.0	302.0
13.0	33.0	302.0
14.0	33.0	300.0
15.0	33.0	301.0
16.0	33.0	302.0
17.0	33.0	284.0
18.0	33.0	284.0
19.0	33.0	0.0
20.0	33.0	0.0
21.0	33.0	0.0
22.0	33.0	0.0
23.0	33.0	0.0
24.0	33.0	0.0
25.0	33.0	0.0
26.0	33.0	0.0
27.0	33.0	0.0
28.0	33.0	0.0
29.0	33.0	0.0
30.0	33.0	0.0
31.0	33.0	0.0
32.0	33.0	0.0
33.0	33.0	0.0
34.0	33.0	0.0
35.0	33.0	0.0
36.0	33.0	0.0
37.0	33.0	0.0
38.0	33.0	0.0
39.0	33.0	0.0
40.0	33.0	0.0
41.0	33.0	0.0
42.0	33.0	0.0
43.0	33.0	0.0
44.0	33.0	0.0
45.0	33.0	0.0
46.0	33.0	0.0
47.0	33.0	0.0
48.0	33.0	0.0
49.0	33.0	0.0
50.0	33.0	0.0

1.0	34.0	316.0
2.0	34.0	322.0
3.0	34.0	312.0
4.0	34.0	324.0
5.0	34.0	306.0
6.0	34.0	314.0
7.0	34.0	304.0
8.0	34.0	324.0
9.0	34.0	303.0
10.0	34.0	310.0
11.0	34.0	302.0
12.0	34.0	315.0
13.0	34.0	302.0
14.0	34.0	308.0
15.0	34.0	296.0
16.0	34.0	314.0
17.0	34.0	284.0
18.0	34.0	0.0
19.0	34.0	0.0
20.0	34.0	0.0
21.0	34.0	0.0
22.0	34.0	0.0
23.0	34.0	0.0
24.0	34.0	0.0
25.0	34.0	0.0
26.0	34.0	0.0
27.0	34.0	0.0
28.0	34.0	0.0
29.0	34.0	0.0
30.0	34.0	0.0
31.0	34.0	0.0
32.0	34.0	0.0
33.0	34.0	0.0
34.0	34.0	0.0
35.0	34.0	0.0
36.0	34.0	0.0
37.0	34.0	0.0
38.0	34.0	0.0
39.0	34.0	0.0
40.0	34.0	0.0
41.0	34.0	0.0
42.0	34.0	0.0
43.0	34.0	0.0
44.0	34.0	0.0
45.0	34.0	0.0
46.0	34.0	0.0
47.0	34.0	0.0
48.0	34.0	0.0
49.0	34.0	0.0
50.0	34.0	0.0

1.0	35.0	322.0
2.0	35.0	308.0
3.0	35.0	322.0
4.0	35.0	324.0
5.0	35.0	313.0
6.0	35.0	312.0
7.0	35.0	328.0
8.0	35.0	326.0
9.0	35.0	312.0
10.0	35.0	312.0
11.0	35.0	318.0
12.0	35.0	316.0
13.0	35.0	312.0
14.0	35.0	312.0
15.0	35.0	314.0
16.0	35.0	310.0
17.0	35.0	0.0
18.0	35.0	0.0
19.0	35.0	0.0
20.0	35.0	0.0
21.0	35.0	0.0
22.0	35.0	0.0
23.0	35.0	0.0
24.0	35.0	0.0
25.0	35.0	0.0
26.0	35.0	0.0
27.0	35.0	0.0
28.0	35.0	0.0
29.0	35.0	0.0
30.0	35.0	0.0
31.0	35.0	0.0
32.0	35.0	0.0
33.0	35.0	0.0
34.0	35.0	0.0
35.0	35.0	0.0
36.0	35.0	0.0
37.0	35.0	0.0
38.0	35.0	0.0
39.0	35.0	0.0
40.0	35.0	0.0
41.0	35.0	0.0
42.0	35.0	0.0
43.0	35.0	0.0
44.0	35.0	0.0
45.0	35.0	0.0
46.0	35.0	0.0
47.0	35.0	0.0
48.0	35.0	0.0
49.0	35.0	0.0
50.0	35.0	0.0

1.0	36.0	326.0
2.0	36.0	338.0
3.0	36.0	328.0
4.0	36.0	326.0
5.0	36.0	316.0
6.0	36.0	334.0
7.0	36.0	328.0
8.0	36.0	332.0
9.0	36.0	312.0
10.0	36.0	326.0
11.0	36.0	314.0
12.0	36.0	320.0
13.0	36.0	307.0
14.0	36.0	323.0
15.0	36.0	315.0
16.0	36.0	0.0
17.0	36.0	0.0
18.0	36.0	0.0
19.0	36.0	0.0
20.0	36.0	0.0
21.0	36.0	0.0
22.0	36.0	0.0
23.0	36.0	0.0
24.0	36.0	0.0
25.0	36.0	0.0
26.0	36.0	0.0
27.0	36.0	0.0
28.0	36.0	0.0
29.0	36.0	0.0
30.0	36.0	0.0
31.0	36.0	0.0
32.0	36.0	0.0
33.0	36.0	0.0
34.0	36.0	0.0
35.0	36.0	0.0
36.0	36.0	0.0
37.0	36.0	0.0
38.0	36.0	0.0
39.0	36.0	0.0
40.0	36.0	0.0
41.0	36.0	0.0
42.0	36.0	0.0
43.0	36.0	0.0
44.0	36.0	0.0
45.0	36.0	0.0
46.0	36.0	0.0
47.0	36.0	0.0
48.0	36.0	0.0
49.0	36.0	0.0
50.0	36.0	0.0

1.0	37.0	341.0
2.0	37.0	340.0
3.0	37.0	336.0
4.0	37.0	334.0
5.0	37.0	338.0
6.0	37.0	337.0
7.0	37.0	338.0
8.0	37.0	338.0
9.0	37.0	326.0
10.0	37.0	321.0
11.0	37.0	327.0
12.0	37.0	320.0
13.0	37.0	322.0
14.0	37.0	320.0
15.0	37.0	0.0
16.0	37.0	0.0
17.0	37.0	0.0
18.0	37.0	0.0
19.0	37.0	0.0
20.0	37.0	0.0
21.0	37.0	0.0
22.0	37.0	0.0
23.0	37.0	0.0
24.0	37.0	0.0
25.0	37.0	0.0
26.0	37.0	0.0
27.0	37.0	0.0
28.0	37.0	0.0
29.0	37.0	0.0
30.0	37.0	0.0
31.0	37.0	0.0
32.0	37.0	0.0
33.0	37.0	0.0
34.0	37.0	0.0
35.0	37.0	0.0
36.0	37.0	0.0
37.0	37.0	0.0
38.0	37.0	0.0
39.0	37.0	0.0
40.0	37.0	0.0
41.0	37.0	0.0
42.0	37.0	0.0
43.0	37.0	0.0
44.0	37.0	0.0
45.0	37.0	0.0
46.0	37.0	0.0
47.0	37.0	0.0
48.0	37.0	0.0
49.0	37.0	0.0
50.0	37.0	0.0

1.0	38.0	344.0
2.0	38.0	346.0
3.0	38.0	336.0
4.0	38.0	356.0
5.0	38.0	332.0
6.0	38.0	346.0
7.0	38.0	333.0
8.0	38.0	346.0
9.0	38.0	330.0
10.0	38.0	334.0
11.0	38.0	328.0
12.0	38.0	340.0
13.0	38.0	328.0
14.0	38.0	0.0
15.0	38.0	0.0
16.0	38.0	0.0
17.0	38.0	0.0
18.0	38.0	0.0
19.0	38.0	0.0
20.0	38.0	0.0
21.0	38.0	0.0
22.0	38.0	0.0
23.0	38.0	0.0
24.0	38.0	0.0
25.0	38.0	0.0
26.0	38.0	0.0
27.0	38.0	0.0
28.0	38.0	0.0
29.0	38.0	0.0
30.0	38.0	0.0
31.0	38.0	0.0
32.0	38.0	0.0
33.0	38.0	0.0
34.0	38.0	0.0
35.0	38.0	0.0
36.0	38.0	0.0
37.0	38.0	0.0
38.0	38.0	0.0
39.0	38.0	0.0
40.0	38.0	0.0
41.0	38.0	0.0
42.0	38.0	0.0
43.0	38.0	0.0
44.0	38.0	0.0
45.0	38.0	0.0
46.0	38.0	0.0
47.0	38.0	0.0
48.0	38.0	0.0
49.0	38.0	0.0
50.0	38.0	0.0

1.0	39.0	352.0
2.0	39.0	350.0
3.0	39.0	357.0
4.0	39.0	356.0
5.0	39.0	347.0
6.0	39.0	345.0
7.0	39.0	350.0
8.0	39.0	352.0
9.0	39.0	333.0
10.0	39.0	334.0
11.0	39.0	342.0
12.0	39.0	340.0
13.0	39.0	0.0
14.0	39.0	0.0
15.0	39.0	0.0
16.0	39.0	0.0
17.0	39.0	0.0
18.0	39.0	0.0
19.0	39.0	0.0
20.0	39.0	0.0
21.0	39.0	0.0
22.0	39.0	0.0
23.0	39.0	0.0
24.0	39.0	0.0
25.0	39.0	0.0
26.0	39.0	0.0
27.0	39.0	0.0
28.0	39.0	0.0
29.0	39.0	0.0
30.0	39.0	0.0
31.0	39.0	0.0
32.0	39.0	0.0
33.0	39.0	0.0
34.0	39.0	0.0
35.0	39.0	0.0
36.0	39.0	0.0
37.0	39.0	0.0
38.0	39.0	0.0
39.0	39.0	0.0
40.0	39.0	0.0
41.0	39.0	0.0
42.0	39.0	0.0
43.0	39.0	0.0
44.0	39.0	0.0
45.0	39.0	0.0
46.0	39.0	0.0
47.0	39.0	0.0
48.0	39.0	0.0
49.0	39.0	0.0
50.0	39.0	0.0

1.0	40.0	350.0
2.0	40.0	366.0
3.0	40.0	358.0
4.0	40.0	366.0
5.0	40.0	349.0
6.0	40.0	358.0
7.0	40.0	354.0
8.0	40.0	361.0
9.0	40.0	335.0
10.0	40.0	349.0
11.0	40.0	342.0
12.0	40.0	0.0
13.0	40.0	0.0
14.0	40.0	0.0
15.0	40.0	0.0
16.0	40.0	0.0
17.0	40.0	0.0
18.0	40.0	0.0
19.0	40.0	0.0
20.0	40.0	0.0
21.0	40.0	0.0
22.0	40.0	0.0
23.0	40.0	0.0
24.0	40.0	0.0
25.0	40.0	0.0
26.0	40.0	0.0
27.0	40.0	0.0
28.0	40.0	0.0
29.0	40.0	0.0
30.0	40.0	0.0
31.0	40.0	0.0
32.0	40.0	0.0
33.0	40.0	0.0
34.0	40.0	0.0
35.0	40.0	0.0
36.0	40.0	0.0
37.0	40.0	0.0
38.0	40.0	0.0
39.0	40.0	0.0
40.0	40.0	0.0
41.0	40.0	0.0
42.0	40.0	0.0
43.0	40.0	0.0
44.0	40.0	0.0
45.0	40.0	0.0
46.0	40.0	0.0
47.0	40.0	0.0
48.0	40.0	0.0
49.0	40.0	0.0
50.0	40.0	0.0

1.0	41.0	364.0
2.0	41.0	369.0
3.0	41.0	366.0
4.0	41.0	368.0
5.0	41.0	364.0
6.0	41.0	360.0
7.0	41.0	364.0
8.0	41.0	364.0
9.0	41.0	348.0
10.0	41.0	352.0
11.0	41.0	0.0
12.0	41.0	0.0
13.0	41.0	0.0
14.0	41.0	0.0
15.0	41.0	0.0
16.0	41.0	0.0
17.0	41.0	0.0
18.0	41.0	0.0
19.0	41.0	0.0
20.0	41.0	0.0
21.0	41.0	0.0
22.0	41.0	0.0
23.0	41.0	0.0
24.0	41.0	0.0
25.0	41.0	0.0
26.0	41.0	0.0
27.0	41.0	0.0
28.0	41.0	0.0
29.0	41.0	0.0
30.0	41.0	0.0
31.0	41.0	0.0
32.0	41.0	0.0
33.0	41.0	0.0
34.0	41.0	0.0
35.0	41.0	0.0
36.0	41.0	0.0
37.0	41.0	0.0
38.0	41.0	0.0
39.0	41.0	0.0
40.0	41.0	0.0
41.0	41.0	0.0
42.0	41.0	0.0
43.0	41.0	0.0
44.0	41.0	0.0
45.0	41.0	0.0
46.0	41.0	0.0
47.0	41.0	0.0
48.0	41.0	0.0
49.0	41.0	0.0
50.0	41.0	0.0

1.0	42.0	372.0
2.0	42.0	380.0
3.0	42.0	368.0
4.0	42.0	381.0
5.0	42.0	362.0
6.0	42.0	372.0
7.0	42.0	364.0
8.0	42.0	376.0
9.0	42.0	350.0
10.0	42.0	0.0
11.0	42.0	0.0
12.0	42.0	0.0
13.0	42.0	0.0
14.0	42.0	0.0
15.0	42.0	0.0
16.0	42.0	0.0
17.0	42.0	0.0
18.0	42.0	0.0
19.0	42.0	0.0
20.0	42.0	0.0
21.0	42.0	0.0
22.0	42.0	0.0
23.0	42.0	0.0
24.0	42.0	0.0
25.0	42.0	0.0
26.0	42.0	0.0
27.0	42.0	0.0
28.0	42.0	0.0
29.0	42.0	0.0
30.0	42.0	0.0
31.0	42.0	0.0
32.0	42.0	0.0
33.0	42.0	0.0
34.0	42.0	0.0
35.0	42.0	0.0
36.0	42.0	0.0
37.0	42.0	0.0
38.0	42.0	0.0
39.0	42.0	0.0
40.0	42.0	0.0
41.0	42.0	0.0
42.0	42.0	0.0
43.0	42.0	0.0
44.0	42.0	0.0
45.0	42.0	0.0
46.0	42.0	0.0
47.0	42.0	0.0
48.0	42.0	0.0
49.0	42.0	0.0
50.0	42.0	0.0

1.0	43.0	382.0
2.0	43.0	380.0
3.0	43.0	382.0
4.0	43.0	384.0
5.0	43.0	372.0
6.0	43.0	374.0
7.0	43.0	372.0
8.0	43.0	376.0
9.0	43.0	0.0
10.0	43.0	0.0
11.0	43.0	0.0
12.0	43.0	0.0
13.0	43.0	0.0
14.0	43.0	0.0
15.0	43.0	0.0
16.0	43.0	0.0
17.0	43.0	0.0
18.0	43.0	0.0
19.0	43.0	0.0
20.0	43.0	0.0
21.0	43.0	0.0
22.0	43.0	0.0
23.0	43.0	0.0
24.0	43.0	0.0
25.0	43.0	0.0
26.0	43.0	0.0
27.0	43.0	0.0
28.0	43.0	0.0
29.0	43.0	0.0
30.0	43.0	0.0
31.0	43.0	0.0
32.0	43.0	0.0
33.0	43.0	0.0
34.0	43.0	0.0
35.0	43.0	0.0
36.0	43.0	0.0
37.0	43.0	0.0
38.0	43.0	0.0
39.0	43.0	0.0
40.0	43.0	0.0
41.0	43.0	0.0
42.0	43.0	0.0
43.0	43.0	0.0
44.0	43.0	0.0
45.0	43.0	0.0
46.0	43.0	0.0
47.0	43.0	0.0
48.0	43.0	0.0
49.0	43.0	0.0
50.0	43.0	0.0

1.0	44.0	386.0
2.0	44.0	396.0
3.0	44.0	386.0
4.0	44.0	392.0
5.0	44.0	368.0
6.0	44.0	386.0
7.0	44.0	380.0
8.0	44.0	0.0
9.0	44.0	0.0
10.0	44.0	0.0
11.0	44.0	0.0
12.0	44.0	0.0
13.0	44.0	0.0
14.0	44.0	0.0
15.0	44.0	0.0
16.0	44.0	0.0
17.0	44.0	0.0
18.0	44.0	0.0
19.0	44.0	0.0
20.0	44.0	0.0
21.0	44.0	0.0
22.0	44.0	0.0
23.0	44.0	0.0
24.0	44.0	0.0
25.0	44.0	0.0
26.0	44.0	0.0
27.0	44.0	0.0
28.0	44.0	0.0
29.0	44.0	0.0
30.0	44.0	0.0
31.0	44.0	0.0
32.0	44.0	0.0
33.0	44.0	0.0
34.0	44.0	0.0
35.0	44.0	0.0
36.0	44.0	0.0
37.0	44.0	0.0
38.0	44.0	0.0
39.0	44.0	0.0
40.0	44.0	0.0
41.0	44.0	0.0
42.0	44.0	0.0
43.0	44.0	0.0
44.0	44.0	0.0
45.0	44.0	0.0
46.0	44.0	0.0
47.0	44.0	0.0
48.0	44.0	0.0
49.0	44.0	0.0
50.0	44.0	0.0

1.0	45.0	390.0
2.0	45.0	398.0
3.0	45.0	394.0
4.0	45.0	386.0
5.0	45.0	380.0
6.0	45.0	388.0
7.0	45.0	0.0
8.0	45.0	0.0
9.0	45.0	0.0
10.0	45.0	0.0
11.0	45.0	0.0
12.0	45.0	0.0
13.0	45.0	0.0
14.0	45.0	0.0
15.0	45.0	0.0
16.0	45.0	0.0
17.0	45.0	0.0
18.0	45.0	0.0
19.0	45.0	0.0
20.0	45.0	0.0
21.0	45.0	0.0
22.0	45.0	0.0
23.0	45.0	0.0
24.0	45.0	0.0
25.0	45.0	0.0
26.0	45.0	0.0
27.0	45.0	0.0
28.0	45.0	0.0
29.0	45.0	0.0
30.0	45.0	0.0
31.0	45.0	0.0
32.0	45.0	0.0
33.0	45.0	0.0
34.0	45.0	0.0
35.0	45.0	0.0
36.0	45.0	0.0
37.0	45.0	0.0
38.0	45.0	0.0
39.0	45.0	0.0
40.0	45.0	0.0
41.0	45.0	0.0
42.0	45.0	0.0
43.0	45.0	0.0
44.0	45.0	0.0
45.0	45.0	0.0
46.0	45.0	0.0
47.0	45.0	0.0
48.0	45.0	0.0
49.0	45.0	0.0
50.0	45.0	0.0

1.0	46.0	402.0
2.0	46.0	404.0
3.0	46.0	394.0
4.0	46.0	404.0
5.0	46.0	389.0
6.0	46.0	0.0
7.0	46.0	0.0
8.0	46.0	0.0
9.0	46.0	0.0
10.0	46.0	0.0
11.0	46.0	0.0
12.0	46.0	0.0
13.0	46.0	0.0
14.0	46.0	0.0
15.0	46.0	0.0
16.0	46.0	0.0
17.0	46.0	0.0
18.0	46.0	0.0
19.0	46.0	0.0
20.0	46.0	0.0
21.0	46.0	0.0
22.0	46.0	0.0
23.0	46.0	0.0
24.0	46.0	0.0
25.0	46.0	0.0
26.0	46.0	0.0
27.0	46.0	0.0
28.0	46.0	0.0
29.0	46.0	0.0
30.0	46.0	0.0
31.0	46.0	0.0
32.0	46.0	0.0
33.0	46.0	0.0
34.0	46.0	0.0
35.0	46.0	0.0
36.0	46.0	0.0
37.0	46.0	0.0
38.0	46.0	0.0
39.0	46.0	0.0
40.0	46.0	0.0
41.0	46.0	0.0
42.0	46.0	0.0
43.0	46.0	0.0
44.0	46.0	0.0
45.0	46.0	0.0
46.0	46.0	0.0
47.0	46.0	0.0
48.0	46.0	0.0
49.0	46.0	0.0
50.0	46.0	0.0

1.0	47.0	410.0
2.0	47.0	399.0
3.0	47.0	398.0
4.0	47.0	403.0
5.0	47.0	0.0
6.0	47.0	0.0
7.0	47.0	0.0
8.0	47.0	0.0
9.0	47.0	0.0
10.0	47.0	0.0
11.0	47.0	0.0
12.0	47.0	0.0
13.0	47.0	0.0
14.0	47.0	0.0
15.0	47.0	0.0
16.0	47.0	0.0
17.0	47.0	0.0
18.0	47.0	0.0
19.0	47.0	0.0
20.0	47.0	0.0
21.0	47.0	0.0
22.0	47.0	0.0
23.0	47.0	0.0
24.0	47.0	0.0
25.0	47.0	0.0
26.0	47.0	0.0
27.0	47.0	0.0
28.0	47.0	0.0
29.0	47.0	0.0
30.0	47.0	0.0
31.0	47.0	0.0
32.0	47.0	0.0
33.0	47.0	0.0
34.0	47.0	0.0
35.0	47.0	0.0
36.0	47.0	0.0
37.0	47.0	0.0
38.0	47.0	0.0
39.0	47.0	0.0
40.0	47.0	0.0
41.0	47.0	0.0
42.0	47.0	0.0
43.0	47.0	0.0
44.0	47.0	0.0
45.0	47.0	0.0
46.0	47.0	0.0
47.0	47.0	0.0
48.0	47.0	0.0
49.0	47.0	0.0
50.0	47.0	0.0

1.0	48.0	408.0
2.0	48.0	416.0
3.0	48.0	409.0
4.0	48.0	0.0
5.0	48.0	0.0
6.0	48.0	0.0
7.0	48.0	0.0
8.0	48.0	0.0
9.0	48.0	0.0
10.0	48.0	0.0
11.0	48.0	0.0
12.0	48.0	0.0
13.0	48.0	0.0
14.0	48.0	0.0
15.0	48.0	0.0
16.0	48.0	0.0
17.0	48.0	0.0
18.0	48.0	0.0
19.0	48.0	0.0
20.0	48.0	0.0
21.0	48.0	0.0
22.0	48.0	0.0
23.0	48.0	0.0
24.0	48.0	0.0
25.0	48.0	0.0
26.0	48.0	0.0
27.0	48.0	0.0
28.0	48.0	0.0
29.0	48.0	0.0
30.0	48.0	0.0
31.0	48.0	0.0
32.0	48.0	0.0
33.0	48.0	0.0
34.0	48.0	0.0
35.0	48.0	0.0
36.0	48.0	0.0
37.0	48.0	0.0
38.0	48.0	0.0
39.0	48.0	0.0
40.0	48.0	0.0
41.0	48.0	0.0
42.0	48.0	0.0
43.0	48.0	0.0
44.0	48.0	0.0
45.0	48.0	0.0
46.0	48.0	0.0
47.0	48.0	0.0
48.0	48.0	0.0
49.0	48.0	0.0
50.0	48.0	0.0

1.0	49.0	420.0
2.0	49.0	421.0
3.0	49.0	0.0
4.0	49.0	0.0
5.0	49.0	0.0
6.0	49.0	0.0
7.0	49.0	0.0
8.0	49.0	0.0
9.0	49.0	0.0
10.0	49.0	0.0
11.0	49.0	0.0
12.0	49.0	0.0
13.0	49.0	0.0
14.0	49.0	0.0
15.0	49.0	0.0
16.0	49.0	0.0
17.0	49.0	0.0
18.0	49.0	0.0
19.0	49.0	0.0
20.0	49.0	0.0
21.0	49.0	0.0
22.0	49.0	0.0
23.0	49.0	0.0
24.0	49.0	0.0
25.0	49.0	0.0
26.0	49.0	0.0
27.0	49.0	0.0
28.0	49.0	0.0
29.0	49.0	0.0
30.0	49.0	0.0
31.0	49.0	0.0
32.0	49.0	0.0
33.0	49.0	0.0
34.0	49.0	0.0
35.0	49.0	0.0
36.0	49.0	0.0
37.0	49.0	0.0
38.0	49.0	0.0
39.0	49.0	0.0
40.0	49.0	0.0
41.0	49.0	0.0
42.0	49.0	0.0
43.0	49.0	0.0
44.0	49.0	0.0
45.0	49.0	0.0
46.0	49.0	0.0
47.0	49.0	0.0
48.0	49.0	0.0
49.0	49.0	0.0
50.0	49.0	0.0

1.0	50.0	421.0
2.0	50.0	0.0
3.0	50.0	0.0
4.0	50.0	0.0
5.0	50.0	0.0
6.0	50.0	0.0
7.0	50.0	0.0
8.0	50.0	0.0
9.0	50.0	0.0
10.0	50.0	0.0
11.0	50.0	0.0
12.0	50.0	0.0
13.0	50.0	0.0
14.0	50.0	0.0
15.0	50.0	0.0
16.0	50.0	0.0
17.0	50.0	0.0
18.0	50.0	0.0
19.0	50.0	0.0
20.0	50.0	0.0
21.0	50.0	0.0
22.0	50.0	0.0
23.0	50.0	0.0
24.0	50.0	0.0
25.0	50.0	0.0
26.0	50.0	0.0
27.0	50.0	0.0
28.0	50.0	0.0
29.0	50.0	0.0
30.0	50.0	0.0
31.0	50.0	0.0
32.0	50.0	0.0
33.0	50.0	0.0
34.0	50.0	0.0
35.0	50.0	0.0
36.0	50.0	0.0
37.0	50.0	0.0
38.0	50.0	0.0
39.0	50.0	0.0
40.0	50.0	0.0
41.0	50.0	0.0
42.0	50.0	0.0
43.0	50.0	0.0
44.0	50.0	0.0
45.0	50.0	0.0
46.0	50.0	0.0
47.0	50.0	0.0
48.0	50.0	0.0
49.0	50.0	0.0
50.0	50.0	0.0


