Length	Start	data
1.0	1.0	462.0
2.0	1.0	460.0
3.0	1.0	444.0
4.0	1.0	442.0
5.0	1.0	420.0
6.0	1.0	418.0
7.0	1.0	410.0
8.0	1.0	408.0
9.0	1.0	380.0
10.0	1.0	378.0
11.0	1.0	370.0
12.0	1.0	368.0
13.0	1.0	354.0
14.0	1.0	352.0
15.0	1.0	344.0
16.0	1.0	342.0
17.0	1.0	308.0
18.0	1.0	306.0
19.0	1.0	298.0
20.0	1.0	296.0
21.0	1.0	282.0
22.0	1.0	280.0
23.0	1.0	272.0
24.0	1.0	270.0
25.0	1.0	250.0
26.0	1.0	248.0
27.0	1.0	240.0
28.0	1.0	238.0
29.0	1.0	224.0
30.0	1.0	222.0
31.0	1.0	214.0
32.0	1.0	212.0
33.0	1.0	172.0
34.0	1.0	170.0
35.0	1.0	162.0
36.0	1.0	160.0
37.0	1.0	146.0
38.0	1.0	144.0
39.0	1.0	136.0
40.0	1.0	134.0
41.0	1.0	114.0
42.0	1.0	112.0
43.0	1.0	104.0
44.0	1.0	102.0
45.0	1.0	88.0
46.0	1.0	86.0
47.0	1.0	78.0
48.0	1.0	76.0
49.0	1.0	50.0
50.0	1.0	48.0

1.0	2.0	462.0
2.0	2.0	460.0
3.0	2.0	444.0
4.0	2.0	442.0
5.0	2.0	420.0
6.0	2.0	418.0
7.0	2.0	410.0
8.0	2.0	408.0
9.0	2.0	380.0
10.0	2.0	378.0
11.0	2.0	370.0
12.0	2.0	368.0
13.0	2.0	354.0
14.0	2.0	352.0
15.0	2.0	344.0
16.0	2.0	342.0
17.0	2.0	308.0
18.0	2.0	306.0
19.0	2.0	298.0
20.0	2.0	296.0
21.0	2.0	282.0
22.0	2.0	280.0
23.0	2.0	272.0
24.0	2.0	270.0
25.0	2.0	250.0
26.0	2.0	248.0
27.0	2.0	240.0
28.0	2.0	238.0
29.0	2.0	224.0
30.0	2.0	222.0
31.0	2.0	214.0
32.0	2.0	212.0
33.0	2.0	172.0
34.0	2.0	170.0
35.0	2.0	162.0
36.0	2.0	160.0
37.0	2.0	146.0
38.0	2.0	144.0
39.0	2.0	136.0
40.0	2.0	134.0
41.0	2.0	114.0
42.0	2.0	112.0
43.0	2.0	104.0
44.0	2.0	102.0
45.0	2.0	88.0
46.0	2.0	86.0
47.0	2.0	78.0
48.0	2.0	76.0
49.0	2.0	50.0
50.0	2.0	0.0

1.0	3.0	462.0
2.0	3.0	460.0
3.0	3.0	444.0
4.0	3.0	442.0
5.0	3.0	420.0
6.0	3.0	418.0
7.0	3.0	410.0
8.0	3.0	408.0
9.0	3.0	380.0
10.0	3.0	378.0
11.0	3.0	370.0
12.0	3.0	368.0
13.0	3.0	354.0
14.0	3.0	352.0
15.0	3.0	344.0
16.0	3.0	342.0
17.0	3.0	308.0
18.0	3.0	306.0
19.0	3.0	298.0
20.0	3.0	296.0
21.0	3.0	282.0
22.0	3.0	280.0
23.0	3.0	272.0
24.0	3.0	270.0
25.0	3.0	250.0
26.0	3.0	248.0
27.0	3.0	240.0
28.0	3.0	238.0
29.0	3.0	224.0
30.0	3.0	222.0
31.0	3.0	214.0
32.0	3.0	212.0
33.0	3.0	172.0
34.0	3.0	170.0
35.0	3.0	162.0
36.0	3.0	160.0
37.0	3.0	146.0
38.0	3.0	144.0
39.0	3.0	136.0
40.0	3.0	134.0
41.0	3.0	114.0
42.0	3.0	112.0
43.0	3.0	104.0
44.0	3.0	102.0
45.0	3.0	88.0
46.0	3.0	86.0
47.0	3.0	78.0
48.0	3.0	76.0
49.0	3.0	0.0
50.0	3.0	0.0

1.0	4.0	462.0
2.0	4.0	460.0
3.0	4.0	444.0
4.0	4.0	442.0
5.0	4.0	420.0
6.0	4.0	418.0
7.0	4.0	410.0
8.0	4.0	408.0
9.0	4.0	380.0
10.0	4.0	378.0
11.0	4.0	370.0
12.0	4.0	368.0
13.0	4.0	354.0
14.0	4.0	352.0
15.0	4.0	344.0
16.0	4.0	342.0
17.0	4.0	308.0
18.0	4.0	306.0
19.0	4.0	298.0
20.0	4.0	296.0
21.0	4.0	282.0
22.0	4.0	280.0
23.0	4.0	272.0
24.0	4.0	270.0
25.0	4.0	250.0
26.0	4.0	248.0
27.0	4.0	240.0
28.0	4.0	238.0
29.0	4.0	224.0
30.0	4.0	222.0
31.0	4.0	214.0
32.0	4.0	212.0
33.0	4.0	172.0
34.0	4.0	170.0
35.0	4.0	162.0
36.0	4.0	160.0
37.0	4.0	146.0
38.0	4.0	144.0
39.0	4.0	136.0
40.0	4.0	134.0
41.0	4.0	114.0
42.0	4.0	112.0
43.0	4.0	104.0
44.0	4.0	102.0
45.0	4.0	88.0
46.0	4.0	86.0
47.0	4.0	78.0
48.0	4.0	0.0
49.0	4.0	0.0
50.0	4.0	0.0

1.0	5.0	462.0
2.0	5.0	460.0
3.0	5.0	444.0
4.0	5.0	442.0
5.0	5.0	420.0
6.0	5.0	418.0
7.0	5.0	410.0
8.0	5.0	408.0
9.0	5.0	380.0
10.0	5.0	378.0
11.0	5.0	370.0
12.0	5.0	368.0
13.0	5.0	354.0
14.0	5.0	352.0
15.0	5.0	344.0
16.0	5.0	342.0
17.0	5.0	308.0
18.0	5.0	306.0
19.0	5.0	298.0
20.0	5.0	296.0
21.0	5.0	282.0
22.0	5.0	280.0
23.0	5.0	272.0
24.0	5.0	270.0
25.0	5.0	250.0
26.0	5.0	248.0
27.0	5.0	240.0
28.0	5.0	238.0
29.0	5.0	224.0
30.0	5.0	222.0
31.0	5.0	214.0
32.0	5.0	212.0
33.0	5.0	172.0
34.0	5.0	170.0
35.0	5.0	162.0
36.0	5.0	160.0
37.0	5.0	146.0
38.0	5.0	144.0
39.0	5.0	136.0
40.0	5.0	134.0
41.0	5.0	114.0
42.0	5.0	112.0
43.0	5.0	104.0
44.0	5.0	102.0
45.0	5.0	88.0
46.0	5.0	86.0
47.0	5.0	0.0
48.0	5.0	0.0
49.0	5.0	0.0
50.0	5.0	0.0

1.0	6.0	462.0
2.0	6.0	460.0
3.0	6.0	444.0
4.0	6.0	442.0
5.0	6.0	420.0
6.0	6.0	418.0
7.0	6.0	410.0
8.0	6.0	408.0
9.0	6.0	380.0
10.0	6.0	370.0
11.0	6.0	370.0
12.0	6.0	368.0
13.0	6.0	354.0
14.0	6.0	352.0
15.0	6.0	344.0
16.0	6.0	342.0
17.0	6.0	308.0
18.0	6.0	306.0
19.0	6.0	298.0
20.0	6.0	296.0
21.0	6.0	282.0
22.0	6.0	280.0
23.0	6.0	272.0
24.0	6.0	270.0
25.0	6.0	250.0
26.0	6.0	248.0
27.0	6.0	240.0
28.0	6.0	238.0
29.0	6.0	224.0
30.0	6.0	222.0
31.0	6.0	214.0
32.0	6.0	212.0
33.0	6.0	172.0
34.0	6.0	170.0
35.0	6.0	162.0
36.0	6.0	160.0
37.0	6.0	146.0
38.0	6.0	144.0
39.0	6.0	136.0
40.0	6.0	134.0
41.0	6.0	114.0
42.0	6.0	104.0
43.0	6.0	104.0
44.0	6.0	102.0
45.0	6.0	88.0
46.0	6.0	0.0
47.0	6.0	0.0
48.0	6.0	0.0
49.0	6.0	0.0
50.0	6.0	0.0

1.0	7.0	462.0
2.0	7.0	460.0
3.0	7.0	444.0
4.0	7.0	442.0
5.0	7.0	420.0
6.0	7.0	418.0
7.0	7.0	410.0
8.0	7.0	408.0
9.0	7.0	380.0
10.0	7.0	378.0
11.0	7.0	370.0
12.0	7.0	368.0
13.0	7.0	354.0
14.0	7.0	352.0
15.0	7.0	344.0
16.0	7.0	342.0
17.0	7.0	308.0
18.0	7.0	306.0
19.0	7.0	298.0
20.0	7.0	296.0
21.0	7.0	282.0
22.0	7.0	280.0
23.0	7.0	272.0
24.0	7.0	270.0
25.0	7.0	250.0
26.0	7.0	248.0
27.0	7.0	240.0
28.0	7.0	238.0
29.0	7.0	224.0
30.0	7.0	222.0
31.0	7.0	214.0
32.0	7.0	212.0
33.0	7.0	172.0
34.0	7.0	170.0
35.0	7.0	162.0
36.0	7.0	160.0
37.0	7.0	146.0
38.0	7.0	144.0
39.0	7.0	136.0
40.0	7.0	134.0
41.0	7.0	112.0
42.0	7.0	112.0
43.0	7.0	104.0
44.0	7.0	102.0
45.0	7.0	0.0
46.0	7.0	0.0
47.0	7.0	0.0
48.0	7.0	0.0
49.0	7.0	0.0
50.0	7.0	0.0

1.0	8.0	462.0
2.0	8.0	460.0
3.0	8.0	444.0
4.0	8.0	442.0
5.0	8.0	420.0
6.0	8.0	418.0
7.0	8.0	410.0
8.0	8.0	380.0
9.0	8.0	380.0
10.0	8.0	378.0
11.0	8.0	370.0
12.0	8.0	368.0
13.0	8.0	354.0
14.0	8.0	352.0
15.0	8.0	344.0
16.0	8.0	342.0
17.0	8.0	308.0
18.0	8.0	306.0
19.0	8.0	298.0
20.0	8.0	296.0
21.0	8.0	282.0
22.0	8.0	280.0
23.0	8.0	272.0
24.0	8.0	270.0
25.0	8.0	250.0
26.0	8.0	248.0
27.0	8.0	240.0
28.0	8.0	238.0
29.0	8.0	224.0
30.0	8.0	222.0
31.0	8.0	214.0
32.0	8.0	212.0
33.0	8.0	172.0
34.0	8.0	170.0
35.0	8.0	162.0
36.0	8.0	160.0
37.0	8.0	146.0
38.0	8.0	144.0
39.0	8.0	136.0
40.0	8.0	134.0
41.0	8.0	114.0
42.0	8.0	112.0
43.0	8.0	104.0
44.0	8.0	0.0
45.0	8.0	0.0
46.0	8.0	0.0
47.0	8.0	0.0
48.0	8.0	0.0
49.0	8.0	0.0
50.0	8.0	0.0

1.0	9.0	462.0
2.0	9.0	460.0
3.0	9.0	444.0
4.0	9.0	442.0
5.0	9.0	420.0
6.0	9.0	418.0
7.0	9.0	410.0
8.0	9.0	408.0
9.0	9.0	380.0
10.0	9.0	378.0
11.0	9.0	370.0
12.0	9.0	368.0
13.0	9.0	354.0
14.0	9.0	352.0
15.0	9.0	344.0
16.0	9.0	342.0
17.0	9.0	308.0
18.0	9.0	306.0
19.0	9.0	298.0
20.0	9.0	296.0
21.0	9.0	282.0
22.0	9.0	280.0
23.0	9.0	272.0
24.0	9.0	270.0
25.0	9.0	250.0
26.0	9.0	248.0
27.0	9.0	240.0
28.0	9.0	238.0
29.0	9.0	224.0
30.0	9.0	222.0
31.0	9.0	214.0
32.0	9.0	212.0
33.0	9.0	172.0
34.0	9.0	170.0
35.0	9.0	162.0
36.0	9.0	160.0
37.0	9.0	146.0
38.0	9.0	144.0
39.0	9.0	136.0
40.0	9.0	134.0
41.0	9.0	114.0
42.0	9.0	112.0
43.0	9.0	0.0
44.0	9.0	0.0
45.0	9.0	0.0
46.0	9.0	0.0
47.0	9.0	0.0
48.0	9.0	0.0
49.0	9.0	0.0
50.0	9.0	0.0

1.0	10.0	462.0
2.0	10.0	460.0
3.0	10.0	444.0
4.0	10.0	442.0
5.0	10.0	420.0
6.0	10.0	418.0
7.0	10.0	410.0
8.0	10.0	408.0
9.0	10.0	378.0
10.0	10.0	378.0
11.0	10.0	370.0
12.0	10.0	368.0
13.0	10.0	354.0
14.0	10.0	352.0
15.0	10.0	344.0
16.0	10.0	342.0
17.0	10.0	308.0
18.0	10.0	306.0
19.0	10.0	298.0
20.0	10.0	296.0
21.0	10.0	282.0
22.0	10.0	280.0
23.0	10.0	272.0
24.0	10.0	270.0
25.0	10.0	250.0
26.0	10.0	248.0
27.0	10.0	240.0
28.0	10.0	238.0
29.0	10.0	224.0
30.0	10.0	222.0
31.0	10.0	214.0
32.0	10.0	212.0
33.0	10.0	172.0
34.0	10.0	170.0
35.0	10.0	162.0
36.0	10.0	160.0
37.0	10.0	146.0
38.0	10.0	144.0
39.0	10.0	136.0
40.0	10.0	134.0
41.0	10.0	114.0
42.0	10.0	0.0
43.0	10.0	0.0
44.0	10.0	0.0
45.0	10.0	0.0
46.0	10.0	0.0
47.0	10.0	0.0
48.0	10.0	0.0
49.0	10.0	0.0
50.0	10.0	0.0

1.0	11.0	462.0
2.0	11.0	460.0
3.0	11.0	444.0
4.0	11.0	442.0
5.0	11.0	420.0
6.0	11.0	418.0
7.0	11.0	410.0
8.0	11.0	408.0
9.0	11.0	380.0
10.0	11.0	378.0
11.0	11.0	370.0
12.0	11.0	368.0
13.0	11.0	354.0
14.0	11.0	352.0
15.0	11.0	344.0
16.0	11.0	342.0
17.0	11.0	308.0
18.0	11.0	306.0
19.0	11.0	298.0
20.0	11.0	296.0
21.0	11.0	282.0
22.0	11.0	280.0
23.0	11.0	272.0
24.0	11.0	270.0
25.0	11.0	250.0
26.0	11.0	248.0
27.0	11.0	240.0
28.0	11.0	238.0
29.0	11.0	224.0
30.0	11.0	222.0
31.0	11.0	214.0
32.0	11.0	212.0
33.0	11.0	172.0
34.0	11.0	170.0
35.0	11.0	162.0
36.0	11.0	160.0
37.0	11.0	146.0
38.0	11.0	144.0
39.0	11.0	136.0
40.0	11.0	134.0
41.0	11.0	0.0
42.0	11.0	0.0
43.0	11.0	0.0
44.0	11.0	0.0
45.0	11.0	0.0
46.0	11.0	0.0
47.0	11.0	0.0
48.0	11.0	0.0
49.0	11.0	0.0
50.0	11.0	0.0

1.0	12.0	462.0
2.0	12.0	460.0
3.0	12.0	444.0
4.0	12.0	442.0
5.0	12.0	420.0
6.0	12.0	418.0
7.0	12.0	410.0
8.0	12.0	408.0
9.0	12.0	380.0
10.0	12.0	378.0
11.0	12.0	370.0
12.0	12.0	368.0
13.0	12.0	354.0
14.0	12.0	352.0
15.0	12.0	344.0
16.0	12.0	342.0
17.0	12.0	308.0
18.0	12.0	306.0
19.0	12.0	298.0
20.0	12.0	296.0
21.0	12.0	282.0
22.0	12.0	280.0
23.0	12.0	272.0
24.0	12.0	250.0
25.0	12.0	250.0
26.0	12.0	248.0
27.0	12.0	240.0
28.0	12.0	238.0
29.0	12.0	224.0
30.0	12.0	222.0
31.0	12.0	214.0
32.0	12.0	212.0
33.0	12.0	172.0
34.0	12.0	170.0
35.0	12.0	162.0
36.0	12.0	160.0
37.0	12.0	146.0
38.0	12.0	144.0
39.0	12.0	136.0
40.0	12.0	0.0
41.0	12.0	0.0
42.0	12.0	0.0
43.0	12.0	0.0
44.0	12.0	0.0
45.0	12.0	0.0
46.0	12.0	0.0
47.0	12.0	0.0
48.0	12.0	0.0
49.0	12.0	0.0
50.0	12.0	0.0

1.0	13.0	462.0
2.0	13.0	444.0
3.0	13.0	444.0
4.0	13.0	442.0
5.0	13.0	420.0
6.0	13.0	418.0
7.0	13.0	410.0
8.0	13.0	408.0
9.0	13.0	380.0
10.0	13.0	378.0
11.0	13.0	370.0
12.0	13.0	368.0
13.0	13.0	354.0
14.0	13.0	352.0
15.0	13.0	344.0
16.0	13.0	342.0
17.0	13.0	308.0
18.0	13.0	306.0
19.0	13.0	298.0
20.0	13.0	296.0
21.0	13.0	282.0
22.0	13.0	280.0
23.0	13.0	272.0
24.0	13.0	270.0
25.0	13.0	250.0
26.0	13.0	248.0
27.0	13.0	240.0
28.0	13.0	238.0
29.0	13.0	224.0
30.0	13.0	222.0
31.0	13.0	214.0
32.0	13.0	212.0
33.0	13.0	172.0
34.0	13.0	170.0
35.0	13.0	162.0
36.0	13.0	160.0
37.0	13.0	146.0
38.0	13.0	144.0
39.0	13.0	0.0
40.0	13.0	0.0
41.0	13.0	0.0
42.0	13.0	0.0
43.0	13.0	0.0
44.0	13.0	0.0
45.0	13.0	0.0
46.0	13.0	0.0
47.0	13.0	0.0
48.0	13.0	0.0
49.0	13.0	0.0
50.0	13.0	0.0

1.0	14.0	462.0
2.0	14.0	460.0
3.0	14.0	444.0
4.0	14.0	442.0
5.0	14.0	420.0
6.0	14.0	418.0
7.0	14.0	410.0
8.0	14.0	408.0
9.0	14.0	380.0
10.0	14.0	378.0
11.0	14.0	370.0
12.0	14.0	368.0
13.0	14.0	354.0
14.0	14.0	352.0
15.0	14.0	344.0
16.0	14.0	342.0
17.0	14.0	308.0
18.0	14.0	306.0
19.0	14.0	298.0
20.0	14.0	296.0
21.0	14.0	282.0
22.0	14.0	280.0
23.0	14.0	272.0
24.0	14.0	270.0
25.0	14.0	250.0
26.0	14.0	248.0
27.0	14.0	240.0
28.0	14.0	238.0
29.0	14.0	224.0
30.0	14.0	222.0
31.0	14.0	214.0
32.0	14.0	212.0
33.0	14.0	172.0
34.0	14.0	170.0
35.0	14.0	162.0
36.0	14.0	160.0
37.0	14.0	146.0
38.0	14.0	0.0
39.0	14.0	0.0
40.0	14.0	0.0
41.0	14.0	0.0
42.0	14.0	0.0
43.0	14.0	0.0
44.0	14.0	0.0
45.0	14.0	0.0
46.0	14.0	0.0
47.0	14.0	0.0
48.0	14.0	0.0
49.0	14.0	0.0
50.0	14.0	0.0

1.0	15.0	462.0
2.0	15.0	460.0
3.0	15.0	444.0
4.0	15.0	442.0
5.0	15.0	420.0
6.0	15.0	418.0
7.0	15.0	410.0
8.0	15.0	408.0
9.0	15.0	380.0
10.0	15.0	378.0
11.0	15.0	370.0
12.0	15.0	368.0
13.0	15.0	354.0
14.0	15.0	352.0
15.0	15.0	344.0
16.0	15.0	342.0
17.0	15.0	308.0
18.0	15.0	306.0
19.0	15.0	298.0
20.0	15.0	296.0
21.0	15.0	282.0
22.0	15.0	280.0
23.0	15.0	272.0
24.0	15.0	270.0
25.0	15.0	250.0
26.0	15.0	248.0
27.0	15.0	240.0
28.0	15.0	238.0
29.0	15.0	224.0
30.0	15.0	222.0
31.0	15.0	214.0
32.0	15.0	212.0
33.0	15.0	172.0
34.0	15.0	170.0
35.0	15.0	162.0
36.0	15.0	160.0
37.0	15.0	0.0
38.0	15.0	0.0
39.0	15.0	0.0
40.0	15.0	0.0
41.0	15.0	0.0
42.0	15.0	0.0
43.0	15.0	0.0
44.0	15.0	0.0
45.0	15.0	0.0
46.0	15.0	0.0
47.0	15.0	0.0
48.0	15.0	0.0
49.0	15.0	0.0
50.0	15.0	0.0

1.0	16.0	462.0
2.0	16.0	460.0
3.0	16.0	444.0
4.0	16.0	442.0
5.0	16.0	420.0
6.0	16.0	418.0
7.0	16.0	410.0
8.0	16.0	408.0
9.0	16.0	380.0
10.0	16.0	378.0
11.0	16.0	370.0
12.0	16.0	368.0
13.0	16.0	354.0
14.0	16.0	352.0
15.0	16.0	344.0
16.0	16.0	342.0
17.0	16.0	308.0
18.0	16.0	306.0
19.0	16.0	298.0
20.0	16.0	296.0
21.0	16.0	282.0
22.0	16.0	280.0
23.0	16.0	272.0
24.0	16.0	270.0
25.0	16.0	250.0
26.0	16.0	248.0
27.0	16.0	240.0
28.0	16.0	238.0
29.0	16.0	224.0
30.0	16.0	222.0
31.0	16.0	214.0
32.0	16.0	212.0
33.0	16.0	172.0
34.0	16.0	170.0
35.0	16.0	162.0
36.0	16.0	0.0
37.0	16.0	0.0
38.0	16.0	0.0
39.0	16.0	0.0
40.0	16.0	0.0
41.0	16.0	0.0
42.0	16.0	0.0
43.0	16.0	0.0
44.0	16.0	0.0
45.0	16.0	0.0
46.0	16.0	0.0
47.0	16.0	0.0
48.0	16.0	0.0
49.0	16.0	0.0
50.0	16.0	0.0

1.0	17.0	462.0
2.0	17.0	460.0
3.0	17.0	444.0
4.0	17.0	442.0
5.0	17.0	420.0
6.0	17.0	418.0
7.0	17.0	410.0
8.0	17.0	408.0
9.0	17.0	380.0
10.0	17.0	378.0
11.0	17.0	370.0
12.0	17.0	368.0
13.0	17.0	354.0
14.0	17.0	352.0
15.0	17.0	344.0
16.0	17.0	342.0
17.0	17.0	308.0
18.0	17.0	306.0
19.0	17.0	298.0
20.0	17.0	296.0
21.0	17.0	282.0
22.0	17.0	280.0
23.0	17.0	272.0
24.0	17.0	270.0
25.0	17.0	250.0
26.0	17.0	248.0
27.0	17.0	240.0
28.0	17.0	238.0
29.0	17.0	224.0
30.0	17.0	222.0
31.0	17.0	214.0
32.0	17.0	212.0
33.0	17.0	172.0
34.0	17.0	170.0
35.0	17.0	0.0
36.0	17.0	0.0
37.0	17.0	0.0
38.0	17.0	0.0
39.0	17.0	0.0
40.0	17.0	0.0
41.0	17.0	0.0
42.0	17.0	0.0
43.0	17.0	0.0
44.0	17.0	0.0
45.0	17.0	0.0
46.0	17.0	0.0
47.0	17.0	0.0
48.0	17.0	0.0
49.0	17.0	0.0
50.0	17.0	0.0

1.0	18.0	462.0
2.0	18.0	460.0
3.0	18.0	444.0
4.0	18.0	442.0
5.0	18.0	420.0
6.0	18.0	418.0
7.0	18.0	410.0
8.0	18.0	408.0
9.0	18.0	380.0
10.0	18.0	378.0
11.0	18.0	370.0
12.0	18.0	368.0
13.0	18.0	354.0
14.0	18.0	352.0
15.0	18.0	344.0
16.0	18.0	342.0
17.0	18.0	308.0
18.0	18.0	306.0
19.0	18.0	298.0
20.0	18.0	296.0
21.0	18.0	282.0
22.0	18.0	280.0
23.0	18.0	272.0
24.0	18.0	270.0
25.0	18.0	250.0
26.0	18.0	248.0
27.0	18.0	240.0
28.0	18.0	238.0
29.0	18.0	224.0
30.0	18.0	222.0
31.0	18.0	214.0
32.0	18.0	212.0
33.0	18.0	172.0
34.0	18.0	0.0
35.0	18.0	0.0
36.0	18.0	0.0
37.0	18.0	0.0
38.0	18.0	0.0
39.0	18.0	0.0
40.0	18.0	0.0
41.0	18.0	0.0
42.0	18.0	0.0
43.0	18.0	0.0
44.0	18.0	0.0
45.0	18.0	0.0
46.0	18.0	0.0
47.0	18.0	0.0
48.0	18.0	0.0
49.0	18.0	0.0
50.0	18.0	0.0

1.0	19.0	462.0
2.0	19.0	460.0
3.0	19.0	444.0
4.0	19.0	442.0
5.0	19.0	420.0
6.0	19.0	418.0
7.0	19.0	410.0
8.0	19.0	408.0
9.0	19.0	380.0
10.0	19.0	378.0
11.0	19.0	370.0
12.0	19.0	368.0
13.0	19.0	354.0
14.0	19.0	352.0
15.0	19.0	344.0
16.0	19.0	342.0
17.0	19.0	308.0
18.0	19.0	306.0
19.0	19.0	298.0
20.0	19.0	296.0
21.0	19.0	282.0
22.0	19.0	280.0
23.0	19.0	272.0
24.0	19.0	270.0
25.0	19.0	250.0
26.0	19.0	248.0
27.0	19.0	240.0
28.0	19.0	238.0
29.0	19.0	224.0
30.0	19.0	222.0
31.0	19.0	214.0
32.0	19.0	212.0
33.0	19.0	0.0
34.0	19.0	0.0
35.0	19.0	0.0
36.0	19.0	0.0
37.0	19.0	0.0
38.0	19.0	0.0
39.0	19.0	0.0
40.0	19.0	0.0
41.0	19.0	0.0
42.0	19.0	0.0
43.0	19.0	0.0
44.0	19.0	0.0
45.0	19.0	0.0
46.0	19.0	0.0
47.0	19.0	0.0
48.0	19.0	0.0
49.0	19.0	0.0
50.0	19.0	0.0

1.0	20.0	462.0
2.0	20.0	460.0
3.0	20.0	444.0
4.0	20.0	442.0
5.0	20.0	420.0
6.0	20.0	418.0
7.0	20.0	410.0
8.0	20.0	408.0
9.0	20.0	380.0
10.0	20.0	378.0
11.0	20.0	370.0
12.0	20.0	368.0
13.0	20.0	354.0
14.0	20.0	352.0
15.0	20.0	344.0
16.0	20.0	342.0
17.0	20.0	308.0
18.0	20.0	306.0
19.0	20.0	298.0
20.0	20.0	296.0
21.0	20.0	282.0
22.0	20.0	280.0
23.0	20.0	272.0
24.0	20.0	270.0
25.0	20.0	250.0
26.0	20.0	248.0
27.0	20.0	240.0
28.0	20.0	238.0
29.0	20.0	224.0
30.0	20.0	222.0
31.0	20.0	214.0
32.0	20.0	0.0
33.0	20.0	0.0
34.0	20.0	0.0
35.0	20.0	0.0
36.0	20.0	0.0
37.0	20.0	0.0
38.0	20.0	0.0
39.0	20.0	0.0
40.0	20.0	0.0
41.0	20.0	0.0
42.0	20.0	0.0
43.0	20.0	0.0
44.0	20.0	0.0
45.0	20.0	0.0
46.0	20.0	0.0
47.0	20.0	0.0
48.0	20.0	0.0
49.0	20.0	0.0
50.0	20.0	0.0

1.0	21.0	462.0
2.0	21.0	460.0
3.0	21.0	444.0
4.0	21.0	442.0
5.0	21.0	420.0
6.0	21.0	418.0
7.0	21.0	408.0
8.0	21.0	408.0
9.0	21.0	380.0
10.0	21.0	378.0
11.0	21.0	370.0
12.0	21.0	368.0
13.0	21.0	354.0
14.0	21.0	352.0
15.0	21.0	344.0
16.0	21.0	342.0
17.0	21.0	308.0
18.0	21.0	306.0
19.0	21.0	298.0
20.0	21.0	296.0
21.0	21.0	282.0
22.0	21.0	280.0
23.0	21.0	272.0
24.0	21.0	270.0
25.0	21.0	250.0
26.0	21.0	248.0
27.0	21.0	240.0
28.0	21.0	238.0
29.0	21.0	224.0
30.0	21.0	222.0
31.0	21.0	0.0
32.0	21.0	0.0
33.0	21.0	0.0
34.0	21.0	0.0
35.0	21.0	0.0
36.0	21.0	0.0
37.0	21.0	0.0
38.0	21.0	0.0
39.0	21.0	0.0
40.0	21.0	0.0
41.0	21.0	0.0
42.0	21.0	0.0
43.0	21.0	0.0
44.0	21.0	0.0
45.0	21.0	0.0
46.0	21.0	0.0
47.0	21.0	0.0
48.0	21.0	0.0
49.0	21.0	0.0
50.0	21.0	0.0

1.0	22.0	462.0
2.0	22.0	460.0
3.0	22.0	444.0
4.0	22.0	442.0
5.0	22.0	420.0
6.0	22.0	418.0
7.0	22.0	410.0
8.0	22.0	408.0
9.0	22.0	380.0
10.0	22.0	378.0
11.0	22.0	370.0
12.0	22.0	368.0
13.0	22.0	354.0
14.0	22.0	352.0
15.0	22.0	344.0
16.0	22.0	342.0
17.0	22.0	308.0
18.0	22.0	306.0
19.0	22.0	298.0
20.0	22.0	296.0
21.0	22.0	282.0
22.0	22.0	280.0
23.0	22.0	272.0
24.0	22.0	270.0
25.0	22.0	250.0
26.0	22.0	248.0
27.0	22.0	238.0
28.0	22.0	238.0
29.0	22.0	224.0
30.0	22.0	0.0
31.0	22.0	0.0
32.0	22.0	0.0
33.0	22.0	0.0
34.0	22.0	0.0
35.0	22.0	0.0
36.0	22.0	0.0
37.0	22.0	0.0
38.0	22.0	0.0
39.0	22.0	0.0
40.0	22.0	0.0
41.0	22.0	0.0
42.0	22.0	0.0
43.0	22.0	0.0
44.0	22.0	0.0
45.0	22.0	0.0
46.0	22.0	0.0
47.0	22.0	0.0
48.0	22.0	0.0
49.0	22.0	0.0
50.0	22.0	0.0

1.0	23.0	462.0
2.0	23.0	460.0
3.0	23.0	444.0
4.0	23.0	442.0
5.0	23.0	420.0
6.0	23.0	418.0
7.0	23.0	410.0
8.0	23.0	408.0
9.0	23.0	380.0
10.0	23.0	378.0
11.0	23.0	370.0
12.0	23.0	368.0
13.0	23.0	354.0
14.0	23.0	352.0
15.0	23.0	344.0
16.0	23.0	342.0
17.0	23.0	308.0
18.0	23.0	306.0
19.0	23.0	298.0
20.0	23.0	296.0
21.0	23.0	282.0
22.0	23.0	280.0
23.0	23.0	272.0
24.0	23.0	270.0
25.0	23.0	250.0
26.0	23.0	248.0
27.0	23.0	240.0
28.0	23.0	238.0
29.0	23.0	0.0
30.0	23.0	0.0
31.0	23.0	0.0
32.0	23.0	0.0
33.0	23.0	0.0
34.0	23.0	0.0
35.0	23.0	0.0
36.0	23.0	0.0
37.0	23.0	0.0
38.0	23.0	0.0
39.0	23.0	0.0
40.0	23.0	0.0
41.0	23.0	0.0
42.0	23.0	0.0
43.0	23.0	0.0
44.0	23.0	0.0
45.0	23.0	0.0
46.0	23.0	0.0
47.0	23.0	0.0
48.0	23.0	0.0
49.0	23.0	0.0
50.0	23.0	0.0

1.0	24.0	462.0
2.0	24.0	460.0
3.0	24.0	444.0
4.0	24.0	442.0
5.0	24.0	420.0
6.0	24.0	418.0
7.0	24.0	410.0
8.0	24.0	408.0
9.0	24.0	380.0
10.0	24.0	378.0
11.0	24.0	370.0
12.0	24.0	368.0
13.0	24.0	354.0
14.0	24.0	352.0
15.0	24.0	344.0
16.0	24.0	308.0
17.0	24.0	308.0
18.0	24.0	306.0
19.0	24.0	298.0
20.0	24.0	296.0
21.0	24.0	282.0
22.0	24.0	280.0
23.0	24.0	272.0
24.0	24.0	270.0
25.0	24.0	250.0
26.0	24.0	248.0
27.0	24.0	240.0
28.0	24.0	0.0
29.0	24.0	0.0
30.0	24.0	0.0
31.0	24.0	0.0
32.0	24.0	0.0
33.0	24.0	0.0
34.0	24.0	0.0
35.0	24.0	0.0
36.0	24.0	0.0
37.0	24.0	0.0
38.0	24.0	0.0
39.0	24.0	0.0
40.0	24.0	0.0
41.0	24.0	0.0
42.0	24.0	0.0
43.0	24.0	0.0
44.0	24.0	0.0
45.0	24.0	0.0
46.0	24.0	0.0
47.0	24.0	0.0
48.0	24.0	0.0
49.0	24.0	0.0
50.0	24.0	0.0

1.0	25.0	462.0
2.0	25.0	460.0
3.0	25.0	444.0
4.0	25.0	442.0
5.0	25.0	420.0
6.0	25.0	418.0
7.0	25.0	410.0
8.0	25.0	408.0
9.0	25.0	380.0
10.0	25.0	378.0
11.0	25.0	370.0
12.0	25.0	368.0
13.0	25.0	354.0
14.0	25.0	352.0
15.0	25.0	344.0
16.0	25.0	342.0
17.0	25.0	308.0
18.0	25.0	306.0
19.0	25.0	298.0
20.0	25.0	296.0
21.0	25.0	282.0
22.0	25.0	280.0
23.0	25.0	272.0
24.0	25.0	270.0
25.0	25.0	250.0
26.0	25.0	248.0
27.0	25.0	0.0
28.0	25.0	0.0
29.0	25.0	0.0
30.0	25.0	0.0
31.0	25.0	0.0
32.0	25.0	0.0
33.0	25.0	0.0
34.0	25.0	0.0
35.0	25.0	0.0
36.0	25.0	0.0
37.0	25.0	0.0
38.0	25.0	0.0
39.0	25.0	0.0
40.0	25.0	0.0
41.0	25.0	0.0
42.0	25.0	0.0
43.0	25.0	0.0
44.0	25.0	0.0
45.0	25.0	0.0
46.0	25.0	0.0
47.0	25.0	0.0
48.0	25.0	0.0
49.0	25.0	0.0
50.0	25.0	0.0

1.0	26.0	462.0
2.0	26.0	460.0
3.0	26.0	444.0
4.0	26.0	442.0
5.0	26.0	420.0
6.0	26.0	418.0
7.0	26.0	410.0
8.0	26.0	408.0
9.0	26.0	380.0
10.0	26.0	378.0
11.0	26.0	370.0
12.0	26.0	368.0
13.0	26.0	354.0
14.0	26.0	344.0
15.0	26.0	344.0
16.0	26.0	342.0
17.0	26.0	308.0
18.0	26.0	306.0
19.0	26.0	298.0
20.0	26.0	296.0
21.0	26.0	282.0
22.0	26.0	280.0
23.0	26.0	272.0
24.0	26.0	270.0
25.0	26.0	250.0
26.0	26.0	0.0
27.0	26.0	0.0
28.0	26.0	0.0
29.0	26.0	0.0
30.0	26.0	0.0
31.0	26.0	0.0
32.0	26.0	0.0
33.0	26.0	0.0
34.0	26.0	0.0
35.0	26.0	0.0
36.0	26.0	0.0
37.0	26.0	0.0
38.0	26.0	0.0
39.0	26.0	0.0
40.0	26.0	0.0
41.0	26.0	0.0
42.0	26.0	0.0
43.0	26.0	0.0
44.0	26.0	0.0
45.0	26.0	0.0
46.0	26.0	0.0
47.0	26.0	0.0
48.0	26.0	0.0
49.0	26.0	0.0
50.0	26.0	0.0

1.0	27.0	462.0
2.0	27.0	460.0
3.0	27.0	444.0
4.0	27.0	442.0
5.0	27.0	420.0
6.0	27.0	418.0
7.0	27.0	410.0
8.0	27.0	408.0
9.0	27.0	380.0
10.0	27.0	378.0
11.0	27.0	370.0
12.0	27.0	368.0
13.0	27.0	354.0
14.0	27.0	352.0
15.0	27.0	344.0
16.0	27.0	342.0
17.0	27.0	308.0
18.0	27.0	306.0
19.0	27.0	298.0
20.0	27.0	296.0
21.0	27.0	282.0
22.0	27.0	280.0
23.0	27.0	272.0
24.0	27.0	270.0
25.0	27.0	0.0
26.0	27.0	0.0
27.0	27.0	0.0
28.0	27.0	0.0
29.0	27.0	0.0
30.0	27.0	0.0
31.0	27.0	0.0
32.0	27.0	0.0
33.0	27.0	0.0
34.0	27.0	0.0
35.0	27.0	0.0
36.0	27.0	0.0
37.0	27.0	0.0
38.0	27.0	0.0
39.0	27.0	0.0
40.0	27.0	0.0
41.0	27.0	0.0
42.0	27.0	0.0
43.0	27.0	0.0
44.0	27.0	0.0
45.0	27.0	0.0
46.0	27.0	0.0
47.0	27.0	0.0
48.0	27.0	0.0
49.0	27.0	0.0
50.0	27.0	0.0

1.0	28.0	462.0
2.0	28.0	460.0
3.0	28.0	444.0
4.0	28.0	442.0
5.0	28.0	420.0
6.0	28.0	418.0
7.0	28.0	410.0
8.0	28.0	408.0
9.0	28.0	380.0
10.0	28.0	378.0
11.0	28.0	370.0
12.0	28.0	368.0
13.0	28.0	354.0
14.0	28.0	352.0
15.0	28.0	344.0
16.0	28.0	342.0
17.0	28.0	308.0
18.0	28.0	306.0
19.0	28.0	298.0
20.0	28.0	296.0
21.0	28.0	282.0
22.0	28.0	280.0
23.0	28.0	272.0
24.0	28.0	0.0
25.0	28.0	0.0
26.0	28.0	0.0
27.0	28.0	0.0
28.0	28.0	0.0
29.0	28.0	0.0
30.0	28.0	0.0
31.0	28.0	0.0
32.0	28.0	0.0
33.0	28.0	0.0
34.0	28.0	0.0
35.0	28.0	0.0
36.0	28.0	0.0
37.0	28.0	0.0
38.0	28.0	0.0
39.0	28.0	0.0
40.0	28.0	0.0
41.0	28.0	0.0
42.0	28.0	0.0
43.0	28.0	0.0
44.0	28.0	0.0
45.0	28.0	0.0
46.0	28.0	0.0
47.0	28.0	0.0
48.0	28.0	0.0
49.0	28.0	0.0
50.0	28.0	0.0

1.0	29.0	462.0
2.0	29.0	460.0
3.0	29.0	444.0
4.0	29.0	442.0
5.0	29.0	420.0
6.0	29.0	418.0
7.0	29.0	410.0
8.0	29.0	408.0
9.0	29.0	380.0
10.0	29.0	378.0
11.0	29.0	370.0
12.0	29.0	368.0
13.0	29.0	354.0
14.0	29.0	352.0
15.0	29.0	344.0
16.0	29.0	342.0
17.0	29.0	308.0
18.0	29.0	306.0
19.0	29.0	298.0
20.0	29.0	296.0
21.0	29.0	282.0
22.0	29.0	280.0
23.0	29.0	0.0
24.0	29.0	0.0
25.0	29.0	0.0
26.0	29.0	0.0
27.0	29.0	0.0
28.0	29.0	0.0
29.0	29.0	0.0
30.0	29.0	0.0
31.0	29.0	0.0
32.0	29.0	0.0
33.0	29.0	0.0
34.0	29.0	0.0
35.0	29.0	0.0
36.0	29.0	0.0
37.0	29.0	0.0
38.0	29.0	0.0
39.0	29.0	0.0
40.0	29.0	0.0
41.0	29.0	0.0
42.0	29.0	0.0
43.0	29.0	0.0
44.0	29.0	0.0
45.0	29.0	0.0
46.0	29.0	0.0
47.0	29.0	0.0
48.0	29.0	0.0
49.0	29.0	0.0
50.0	29.0	0.0

1.0	30.0	462.0
2.0	30.0	460.0
3.0	30.0	444.0
4.0	30.0	442.0
5.0	30.0	420.0
6.0	30.0	418.0
7.0	30.0	410.0
8.0	30.0	408.0
9.0	30.0	380.0
10.0	30.0	378.0
11.0	30.0	370.0
12.0	30.0	368.0
13.0	30.0	354.0
14.0	30.0	352.0
15.0	30.0	344.0
16.0	30.0	342.0
17.0	30.0	308.0
18.0	30.0	306.0
19.0	30.0	298.0
20.0	30.0	296.0
21.0	30.0	282.0
22.0	30.0	0.0
23.0	30.0	0.0
24.0	30.0	0.0
25.0	30.0	0.0
26.0	30.0	0.0
27.0	30.0	0.0
28.0	30.0	0.0
29.0	30.0	0.0
30.0	30.0	0.0
31.0	30.0	0.0
32.0	30.0	0.0
33.0	30.0	0.0
34.0	30.0	0.0
35.0	30.0	0.0
36.0	30.0	0.0
37.0	30.0	0.0
38.0	30.0	0.0
39.0	30.0	0.0
40.0	30.0	0.0
41.0	30.0	0.0
42.0	30.0	0.0
43.0	30.0	0.0
44.0	30.0	0.0
45.0	30.0	0.0
46.0	30.0	0.0
47.0	30.0	0.0
48.0	30.0	0.0
49.0	30.0	0.0
50.0	30.0	0.0

1.0	31.0	462.0
2.0	31.0	460.0
3.0	31.0	444.0
4.0	31.0	442.0
5.0	31.0	420.0
6.0	31.0	418.0
7.0	31.0	410.0
8.0	31.0	380.0
9.0	31.0	380.0
10.0	31.0	378.0
11.0	31.0	370.0
12.0	31.0	368.0
13.0	31.0	354.0
14.0	31.0	352.0
15.0	31.0	344.0
16.0	31.0	342.0
17.0	31.0	306.0
18.0	31.0	306.0
19.0	31.0	298.0
20.0	31.0	296.0
21.0	31.0	0.0
22.0	31.0	0.0
23.0	31.0	0.0
24.0	31.0	0.0
25.0	31.0	0.0
26.0	31.0	0.0
27.0	31.0	0.0
28.0	31.0	0.0
29.0	31.0	0.0
30.0	31.0	0.0
31.0	31.0	0.0
32.0	31.0	0.0
33.0	31.0	0.0
34.0	31.0	0.0
35.0	31.0	0.0
36.0	31.0	0.0
37.0	31.0	0.0
38.0	31.0	0.0
39.0	31.0	0.0
40.0	31.0	0.0
41.0	31.0	0.0
42.0	31.0	0.0
43.0	31.0	0.0
44.0	31.0	0.0
45.0	31.0	0.0
46.0	31.0	0.0
47.0	31.0	0.0
48.0	31.0	0.0
49.0	31.0	0.0
50.0	31.0	0.0

1.0	32.0	462.0
2.0	32.0	460.0
3.0	32.0	444.0
4.0	32.0	442.0
5.0	32.0	420.0
6.0	32.0	418.0
7.0	32.0	410.0
8.0	32.0	408.0
9.0	32.0	380.0
10.0	32.0	378.0
11.0	32.0	370.0
12.0	32.0	368.0
13.0	32.0	354.0
14.0	32.0	352.0
15.0	32.0	344.0
16.0	32.0	342.0
17.0	32.0	308.0
18.0	32.0	306.0
19.0	32.0	298.0
20.0	32.0	0.0
21.0	32.0	0.0
22.0	32.0	0.0
23.0	32.0	0.0
24.0	32.0	0.0
25.0	32.0	0.0
26.0	32.0	0.0
27.0	32.0	0.0
28.0	32.0	0.0
29.0	32.0	0.0
30.0	32.0	0.0
31.0	32.0	0.0
32.0	32.0	0.0
33.0	32.0	0.0
34.0	32.0	0.0
35.0	32.0	0.0
36.0	32.0	0.0
37.0	32.0	0.0
38.0	32.0	0.0
39.0	32.0	0.0
40.0	32.0	0.0
41.0	32.0	0.0
42.0	32.0	0.0
43.0	32.0	0.0
44.0	32.0	0.0
45.0	32.0	0.0
46.0	32.0	0.0
47.0	32.0	0.0
48.0	32.0	0.0
49.0	32.0	0.0
50.0	32.0	0.0

1.0	33.0	462.0
2.0	33.0	460.0
3.0	33.0	444.0
4.0	33.0	442.0
5.0	33.0	420.0
6.0	33.0	418.0
7.0	33.0	410.0
8.0	33.0	408.0
9.0	33.0	380.0
10.0	33.0	378.0
11.0	33.0	370.0
12.0	33.0	368.0
13.0	33.0	354.0
14.0	33.0	352.0
15.0	33.0	344.0
16.0	33.0	342.0
17.0	33.0	308.0
18.0	33.0	306.0
19.0	33.0	0.0
20.0	33.0	0.0
21.0	33.0	0.0
22.0	33.0	0.0
23.0	33.0	0.0
24.0	33.0	0.0
25.0	33.0	0.0
26.0	33.0	0.0
27.0	33.0	0.0
28.0	33.0	0.0
29.0	33.0	0.0
30.0	33.0	0.0
31.0	33.0	0.0
32.0	33.0	0.0
33.0	33.0	0.0
34.0	33.0	0.0
35.0	33.0	0.0
36.0	33.0	0.0
37.0	33.0	0.0
38.0	33.0	0.0
39.0	33.0	0.0
40.0	33.0	0.0
41.0	33.0	0.0
42.0	33.0	0.0
43.0	33.0	0.0
44.0	33.0	0.0
45.0	33.0	0.0
46.0	33.0	0.0
47.0	33.0	0.0
48.0	33.0	0.0
49.0	33.0	0.0
50.0	33.0	0.0

1.0	34.0	462.0
2.0	34.0	460.0
3.0	34.0	444.0
4.0	34.0	442.0
5.0	34.0	420.0
6.0	34.0	418.0
7.0	34.0	410.0
8.0	34.0	408.0
9.0	34.0	380.0
10.0	34.0	378.0
11.0	34.0	370.0
12.0	34.0	368.0
13.0	34.0	354.0
14.0	34.0	352.0
15.0	34.0	344.0
16.0	34.0	342.0
17.0	34.0	308.0
18.0	34.0	0.0
19.0	34.0	0.0
20.0	34.0	0.0
21.0	34.0	0.0
22.0	34.0	0.0
23.0	34.0	0.0
24.0	34.0	0.0
25.0	34.0	0.0
26.0	34.0	0.0
27.0	34.0	0.0
28.0	34.0	0.0
29.0	34.0	0.0
30.0	34.0	0.0
31.0	34.0	0.0
32.0	34.0	0.0
33.0	34.0	0.0
34.0	34.0	0.0
35.0	34.0	0.0
36.0	34.0	0.0
37.0	34.0	0.0
38.0	34.0	0.0
39.0	34.0	0.0
40.0	34.0	0.0
41.0	34.0	0.0
42.0	34.0	0.0
43.0	34.0	0.0
44.0	34.0	0.0
45.0	34.0	0.0
46.0	34.0	0.0
47.0	34.0	0.0
48.0	34.0	0.0
49.0	34.0	0.0
50.0	34.0	0.0

1.0	35.0	462.0
2.0	35.0	460.0
3.0	35.0	444.0
4.0	35.0	442.0
5.0	35.0	420.0
6.0	35.0	418.0
7.0	35.0	410.0
8.0	35.0	408.0
9.0	35.0	380.0
10.0	35.0	378.0
11.0	35.0	370.0
12.0	35.0	368.0
13.0	35.0	354.0
14.0	35.0	352.0
15.0	35.0	344.0
16.0	35.0	342.0
17.0	35.0	0.0
18.0	35.0	0.0
19.0	35.0	0.0
20.0	35.0	0.0
21.0	35.0	0.0
22.0	35.0	0.0
23.0	35.0	0.0
24.0	35.0	0.0
25.0	35.0	0.0
26.0	35.0	0.0
27.0	35.0	0.0
28.0	35.0	0.0
29.0	35.0	0.0
30.0	35.0	0.0
31.0	35.0	0.0
32.0	35.0	0.0
33.0	35.0	0.0
34.0	35.0	0.0
35.0	35.0	0.0
36.0	35.0	0.0
37.0	35.0	0.0
38.0	35.0	0.0
39.0	35.0	0.0
40.0	35.0	0.0
41.0	35.0	0.0
42.0	35.0	0.0
43.0	35.0	0.0
44.0	35.0	0.0
45.0	35.0	0.0
46.0	35.0	0.0
47.0	35.0	0.0
48.0	35.0	0.0
49.0	35.0	0.0
50.0	35.0	0.0

1.0	36.0	462.0
2.0	36.0	460.0
3.0	36.0	444.0
4.0	36.0	442.0
5.0	36.0	420.0
6.0	36.0	418.0
7.0	36.0	410.0
8.0	36.0	408.0
9.0	36.0	380.0
10.0	36.0	378.0
11.0	36.0	370.0
12.0	36.0	368.0
13.0	36.0	354.0
14.0	36.0	352.0
15.0	36.0	344.0
16.0	36.0	0.0
17.0	36.0	0.0
18.0	36.0	0.0
19.0	36.0	0.0
20.0	36.0	0.0
21.0	36.0	0.0
22.0	36.0	0.0
23.0	36.0	0.0
24.0	36.0	0.0
25.0	36.0	0.0
26.0	36.0	0.0
27.0	36.0	0.0
28.0	36.0	0.0
29.0	36.0	0.0
30.0	36.0	0.0
31.0	36.0	0.0
32.0	36.0	0.0
33.0	36.0	0.0
34.0	36.0	0.0
35.0	36.0	0.0
36.0	36.0	0.0
37.0	36.0	0.0
38.0	36.0	0.0
39.0	36.0	0.0
40.0	36.0	0.0
41.0	36.0	0.0
42.0	36.0	0.0
43.0	36.0	0.0
44.0	36.0	0.0
45.0	36.0	0.0
46.0	36.0	0.0
47.0	36.0	0.0
48.0	36.0	0.0
49.0	36.0	0.0
50.0	36.0	0.0

1.0	37.0	462.0
2.0	37.0	460.0
3.0	37.0	444.0
4.0	37.0	442.0
5.0	37.0	420.0
6.0	37.0	418.0
7.0	37.0	410.0
8.0	37.0	408.0
9.0	37.0	380.0
10.0	37.0	378.0
11.0	37.0	370.0
12.0	37.0	368.0
13.0	37.0	354.0
14.0	37.0	352.0
15.0	37.0	0.0
16.0	37.0	0.0
17.0	37.0	0.0
18.0	37.0	0.0
19.0	37.0	0.0
20.0	37.0	0.0
21.0	37.0	0.0
22.0	37.0	0.0
23.0	37.0	0.0
24.0	37.0	0.0
25.0	37.0	0.0
26.0	37.0	0.0
27.0	37.0	0.0
28.0	37.0	0.0
29.0	37.0	0.0
30.0	37.0	0.0
31.0	37.0	0.0
32.0	37.0	0.0
33.0	37.0	0.0
34.0	37.0	0.0
35.0	37.0	0.0
36.0	37.0	0.0
37.0	37.0	0.0
38.0	37.0	0.0
39.0	37.0	0.0
40.0	37.0	0.0
41.0	37.0	0.0
42.0	37.0	0.0
43.0	37.0	0.0
44.0	37.0	0.0
45.0	37.0	0.0
46.0	37.0	0.0
47.0	37.0	0.0
48.0	37.0	0.0
49.0	37.0	0.0
50.0	37.0	0.0

1.0	38.0	460.0
2.0	38.0	460.0
3.0	38.0	444.0
4.0	38.0	442.0
5.0	38.0	420.0
6.0	38.0	418.0
7.0	38.0	410.0
8.0	38.0	408.0
9.0	38.0	380.0
10.0	38.0	378.0
11.0	38.0	370.0
12.0	38.0	368.0
13.0	38.0	354.0
14.0	38.0	0.0
15.0	38.0	0.0
16.0	38.0	0.0
17.0	38.0	0.0
18.0	38.0	0.0
19.0	38.0	0.0
20.0	38.0	0.0
21.0	38.0	0.0
22.0	38.0	0.0
23.0	38.0	0.0
24.0	38.0	0.0
25.0	38.0	0.0
26.0	38.0	0.0
27.0	38.0	0.0
28.0	38.0	0.0
29.0	38.0	0.0
30.0	38.0	0.0
31.0	38.0	0.0
32.0	38.0	0.0
33.0	38.0	0.0
34.0	38.0	0.0
35.0	38.0	0.0
36.0	38.0	0.0
37.0	38.0	0.0
38.0	38.0	0.0
39.0	38.0	0.0
40.0	38.0	0.0
41.0	38.0	0.0
42.0	38.0	0.0
43.0	38.0	0.0
44.0	38.0	0.0
45.0	38.0	0.0
46.0	38.0	0.0
47.0	38.0	0.0
48.0	38.0	0.0
49.0	38.0	0.0
50.0	38.0	0.0

1.0	39.0	462.0
2.0	39.0	460.0
3.0	39.0	444.0
4.0	39.0	442.0
5.0	39.0	420.0
6.0	39.0	418.0
7.0	39.0	410.0
8.0	39.0	408.0
9.0	39.0	380.0
10.0	39.0	378.0
11.0	39.0	370.0
12.0	39.0	368.0
13.0	39.0	0.0
14.0	39.0	0.0
15.0	39.0	0.0
16.0	39.0	0.0
17.0	39.0	0.0
18.0	39.0	0.0
19.0	39.0	0.0
20.0	39.0	0.0
21.0	39.0	0.0
22.0	39.0	0.0
23.0	39.0	0.0
24.0	39.0	0.0
25.0	39.0	0.0
26.0	39.0	0.0
27.0	39.0	0.0
28.0	39.0	0.0
29.0	39.0	0.0
30.0	39.0	0.0
31.0	39.0	0.0
32.0	39.0	0.0
33.0	39.0	0.0
34.0	39.0	0.0
35.0	39.0	0.0
36.0	39.0	0.0
37.0	39.0	0.0
38.0	39.0	0.0
39.0	39.0	0.0
40.0	39.0	0.0
41.0	39.0	0.0
42.0	39.0	0.0
43.0	39.0	0.0
44.0	39.0	0.0
45.0	39.0	0.0
46.0	39.0	0.0
47.0	39.0	0.0
48.0	39.0	0.0
49.0	39.0	0.0
50.0	39.0	0.0

1.0	40.0	462.0
2.0	40.0	460.0
3.0	40.0	444.0
4.0	40.0	442.0
5.0	40.0	420.0
6.0	40.0	418.0
7.0	40.0	410.0
8.0	40.0	408.0
9.0	40.0	380.0
10.0	40.0	378.0
11.0	40.0	370.0
12.0	40.0	0.0
13.0	40.0	0.0
14.0	40.0	0.0
15.0	40.0	0.0
16.0	40.0	0.0
17.0	40.0	0.0
18.0	40.0	0.0
19.0	40.0	0.0
20.0	40.0	0.0
21.0	40.0	0.0
22.0	40.0	0.0
23.0	40.0	0.0
24.0	40.0	0.0
25.0	40.0	0.0
26.0	40.0	0.0
27.0	40.0	0.0
28.0	40.0	0.0
29.0	40.0	0.0
30.0	40.0	0.0
31.0	40.0	0.0
32.0	40.0	0.0
33.0	40.0	0.0
34.0	40.0	0.0
35.0	40.0	0.0
36.0	40.0	0.0
37.0	40.0	0.0
38.0	40.0	0.0
39.0	40.0	0.0
40.0	40.0	0.0
41.0	40.0	0.0
42.0	40.0	0.0
43.0	40.0	0.0
44.0	40.0	0.0
45.0	40.0	0.0
46.0	40.0	0.0
47.0	40.0	0.0
48.0	40.0	0.0
49.0	40.0	0.0
50.0	40.0	0.0

1.0	41.0	462.0
2.0	41.0	460.0
3.0	41.0	444.0
4.0	41.0	442.0
5.0	41.0	420.0
6.0	41.0	418.0
7.0	41.0	410.0
8.0	41.0	408.0
9.0	41.0	380.0
10.0	41.0	378.0
11.0	41.0	0.0
12.0	41.0	0.0
13.0	41.0	0.0
14.0	41.0	0.0
15.0	41.0	0.0
16.0	41.0	0.0
17.0	41.0	0.0
18.0	41.0	0.0
19.0	41.0	0.0
20.0	41.0	0.0
21.0	41.0	0.0
22.0	41.0	0.0
23.0	41.0	0.0
24.0	41.0	0.0
25.0	41.0	0.0
26.0	41.0	0.0
27.0	41.0	0.0
28.0	41.0	0.0
29.0	41.0	0.0
30.0	41.0	0.0
31.0	41.0	0.0
32.0	41.0	0.0
33.0	41.0	0.0
34.0	41.0	0.0
35.0	41.0	0.0
36.0	41.0	0.0
37.0	41.0	0.0
38.0	41.0	0.0
39.0	41.0	0.0
40.0	41.0	0.0
41.0	41.0	0.0
42.0	41.0	0.0
43.0	41.0	0.0
44.0	41.0	0.0
45.0	41.0	0.0
46.0	41.0	0.0
47.0	41.0	0.0
48.0	41.0	0.0
49.0	41.0	0.0
50.0	41.0	0.0

1.0	42.0	462.0
2.0	42.0	460.0
3.0	42.0	444.0
4.0	42.0	420.0
5.0	42.0	420.0
6.0	42.0	418.0
7.0	42.0	410.0
8.0	42.0	408.0
9.0	42.0	380.0
10.0	42.0	0.0
11.0	42.0	0.0
12.0	42.0	0.0
13.0	42.0	0.0
14.0	42.0	0.0
15.0	42.0	0.0
16.0	42.0	0.0
17.0	42.0	0.0
18.0	42.0	0.0
19.0	42.0	0.0
20.0	42.0	0.0
21.0	42.0	0.0
22.0	42.0	0.0
23.0	42.0	0.0
24.0	42.0	0.0
25.0	42.0	0.0
26.0	42.0	0.0
27.0	42.0	0.0
28.0	42.0	0.0
29.0	42.0	0.0
30.0	42.0	0.0
31.0	42.0	0.0
32.0	42.0	0.0
33.0	42.0	0.0
34.0	42.0	0.0
35.0	42.0	0.0
36.0	42.0	0.0
37.0	42.0	0.0
38.0	42.0	0.0
39.0	42.0	0.0
40.0	42.0	0.0
41.0	42.0	0.0
42.0	42.0	0.0
43.0	42.0	0.0
44.0	42.0	0.0
45.0	42.0	0.0
46.0	42.0	0.0
47.0	42.0	0.0
48.0	42.0	0.0
49.0	42.0	0.0
50.0	42.0	0.0

1.0	43.0	462.0
2.0	43.0	460.0
3.0	43.0	444.0
4.0	43.0	442.0
5.0	43.0	420.0
6.0	43.0	418.0
7.0	43.0	410.0
8.0	43.0	408.0
9.0	43.0	0.0
10.0	43.0	0.0
11.0	43.0	0.0
12.0	43.0	0.0
13.0	43.0	0.0
14.0	43.0	0.0
15.0	43.0	0.0
16.0	43.0	0.0
17.0	43.0	0.0
18.0	43.0	0.0
19.0	43.0	0.0
20.0	43.0	0.0
21.0	43.0	0.0
22.0	43.0	0.0
23.0	43.0	0.0
24.0	43.0	0.0
25.0	43.0	0.0
26.0	43.0	0.0
27.0	43.0	0.0
28.0	43.0	0.0
29.0	43.0	0.0
30.0	43.0	0.0
31.0	43.0	0.0
32.0	43.0	0.0
33.0	43.0	0.0
34.0	43.0	0.0
35.0	43.0	0.0
36.0	43.0	0.0
37.0	43.0	0.0
38.0	43.0	0.0
39.0	43.0	0.0
40.0	43.0	0.0
41.0	43.0	0.0
42.0	43.0	0.0
43.0	43.0	0.0
44.0	43.0	0.0
45.0	43.0	0.0
46.0	43.0	0.0
47.0	43.0	0.0
48.0	43.0	0.0
49.0	43.0	0.0
50.0	43.0	0.0

1.0	44.0	462.0
2.0	44.0	460.0
3.0	44.0	444.0
4.0	44.0	442.0
5.0	44.0	420.0
6.0	44.0	418.0
7.0	44.0	410.0
8.0	44.0	0.0
9.0	44.0	0.0
10.0	44.0	0.0
11.0	44.0	0.0
12.0	44.0	0.0
13.0	44.0	0.0
14.0	44.0	0.0
15.0	44.0	0.0
16.0	44.0	0.0
17.0	44.0	0.0
18.0	44.0	0.0
19.0	44.0	0.0
20.0	44.0	0.0
21.0	44.0	0.0
22.0	44.0	0.0
23.0	44.0	0.0
24.0	44.0	0.0
25.0	44.0	0.0
26.0	44.0	0.0
27.0	44.0	0.0
28.0	44.0	0.0
29.0	44.0	0.0
30.0	44.0	0.0
31.0	44.0	0.0
32.0	44.0	0.0
33.0	44.0	0.0
34.0	44.0	0.0
35.0	44.0	0.0
36.0	44.0	0.0
37.0	44.0	0.0
38.0	44.0	0.0
39.0	44.0	0.0
40.0	44.0	0.0
41.0	44.0	0.0
42.0	44.0	0.0
43.0	44.0	0.0
44.0	44.0	0.0
45.0	44.0	0.0
46.0	44.0	0.0
47.0	44.0	0.0
48.0	44.0	0.0
49.0	44.0	0.0
50.0	44.0	0.0

1.0	45.0	462.0
2.0	45.0	460.0
3.0	45.0	444.0
4.0	45.0	442.0
5.0	45.0	420.0
6.0	45.0	418.0
7.0	45.0	0.0
8.0	45.0	0.0
9.0	45.0	0.0
10.0	45.0	0.0
11.0	45.0	0.0
12.0	45.0	0.0
13.0	45.0	0.0
14.0	45.0	0.0
15.0	45.0	0.0
16.0	45.0	0.0
17.0	45.0	0.0
18.0	45.0	0.0
19.0	45.0	0.0
20.0	45.0	0.0
21.0	45.0	0.0
22.0	45.0	0.0
23.0	45.0	0.0
24.0	45.0	0.0
25.0	45.0	0.0
26.0	45.0	0.0
27.0	45.0	0.0
28.0	45.0	0.0
29.0	45.0	0.0
30.0	45.0	0.0
31.0	45.0	0.0
32.0	45.0	0.0
33.0	45.0	0.0
34.0	45.0	0.0
35.0	45.0	0.0
36.0	45.0	0.0
37.0	45.0	0.0
38.0	45.0	0.0
39.0	45.0	0.0
40.0	45.0	0.0
41.0	45.0	0.0
42.0	45.0	0.0
43.0	45.0	0.0
44.0	45.0	0.0
45.0	45.0	0.0
46.0	45.0	0.0
47.0	45.0	0.0
48.0	45.0	0.0
49.0	45.0	0.0
50.0	45.0	0.0

1.0	46.0	462.0
2.0	46.0	460.0
3.0	46.0	444.0
4.0	46.0	442.0
5.0	46.0	420.0
6.0	46.0	0.0
7.0	46.0	0.0
8.0	46.0	0.0
9.0	46.0	0.0
10.0	46.0	0.0
11.0	46.0	0.0
12.0	46.0	0.0
13.0	46.0	0.0
14.0	46.0	0.0
15.0	46.0	0.0
16.0	46.0	0.0
17.0	46.0	0.0
18.0	46.0	0.0
19.0	46.0	0.0
20.0	46.0	0.0
21.0	46.0	0.0
22.0	46.0	0.0
23.0	46.0	0.0
24.0	46.0	0.0
25.0	46.0	0.0
26.0	46.0	0.0
27.0	46.0	0.0
28.0	46.0	0.0
29.0	46.0	0.0
30.0	46.0	0.0
31.0	46.0	0.0
32.0	46.0	0.0
33.0	46.0	0.0
34.0	46.0	0.0
35.0	46.0	0.0
36.0	46.0	0.0
37.0	46.0	0.0
38.0	46.0	0.0
39.0	46.0	0.0
40.0	46.0	0.0
41.0	46.0	0.0
42.0	46.0	0.0
43.0	46.0	0.0
44.0	46.0	0.0
45.0	46.0	0.0
46.0	46.0	0.0
47.0	46.0	0.0
48.0	46.0	0.0
49.0	46.0	0.0
50.0	46.0	0.0

1.0	47.0	462.0
2.0	47.0	460.0
3.0	47.0	444.0
4.0	47.0	442.0
5.0	47.0	0.0
6.0	47.0	0.0
7.0	47.0	0.0
8.0	47.0	0.0
9.0	47.0	0.0
10.0	47.0	0.0
11.0	47.0	0.0
12.0	47.0	0.0
13.0	47.0	0.0
14.0	47.0	0.0
15.0	47.0	0.0
16.0	47.0	0.0
17.0	47.0	0.0
18.0	47.0	0.0
19.0	47.0	0.0
20.0	47.0	0.0
21.0	47.0	0.0
22.0	47.0	0.0
23.0	47.0	0.0
24.0	47.0	0.0
25.0	47.0	0.0
26.0	47.0	0.0
27.0	47.0	0.0
28.0	47.0	0.0
29.0	47.0	0.0
30.0	47.0	0.0
31.0	47.0	0.0
32.0	47.0	0.0
33.0	47.0	0.0
34.0	47.0	0.0
35.0	47.0	0.0
36.0	47.0	0.0
37.0	47.0	0.0
38.0	47.0	0.0
39.0	47.0	0.0
40.0	47.0	0.0
41.0	47.0	0.0
42.0	47.0	0.0
43.0	47.0	0.0
44.0	47.0	0.0
45.0	47.0	0.0
46.0	47.0	0.0
47.0	47.0	0.0
48.0	47.0	0.0
49.0	47.0	0.0
50.0	47.0	0.0

1.0	48.0	462.0
2.0	48.0	460.0
3.0	48.0	444.0
4.0	48.0	0.0
5.0	48.0	0.0
6.0	48.0	0.0
7.0	48.0	0.0
8.0	48.0	0.0
9.0	48.0	0.0
10.0	48.0	0.0
11.0	48.0	0.0
12.0	48.0	0.0
13.0	48.0	0.0
14.0	48.0	0.0
15.0	48.0	0.0
16.0	48.0	0.0
17.0	48.0	0.0
18.0	48.0	0.0
19.0	48.0	0.0
20.0	48.0	0.0
21.0	48.0	0.0
22.0	48.0	0.0
23.0	48.0	0.0
24.0	48.0	0.0
25.0	48.0	0.0
26.0	48.0	0.0
27.0	48.0	0.0
28.0	48.0	0.0
29.0	48.0	0.0
30.0	48.0	0.0
31.0	48.0	0.0
32.0	48.0	0.0
33.0	48.0	0.0
34.0	48.0	0.0
35.0	48.0	0.0
36.0	48.0	0.0
37.0	48.0	0.0
38.0	48.0	0.0
39.0	48.0	0.0
40.0	48.0	0.0
41.0	48.0	0.0
42.0	48.0	0.0
43.0	48.0	0.0
44.0	48.0	0.0
45.0	48.0	0.0
46.0	48.0	0.0
47.0	48.0	0.0
48.0	48.0	0.0
49.0	48.0	0.0
50.0	48.0	0.0

1.0	49.0	462.0
2.0	49.0	460.0
3.0	49.0	0.0
4.0	49.0	0.0
5.0	49.0	0.0
6.0	49.0	0.0
7.0	49.0	0.0
8.0	49.0	0.0
9.0	49.0	0.0
10.0	49.0	0.0
11.0	49.0	0.0
12.0	49.0	0.0
13.0	49.0	0.0
14.0	49.0	0.0
15.0	49.0	0.0
16.0	49.0	0.0
17.0	49.0	0.0
18.0	49.0	0.0
19.0	49.0	0.0
20.0	49.0	0.0
21.0	49.0	0.0
22.0	49.0	0.0
23.0	49.0	0.0
24.0	49.0	0.0
25.0	49.0	0.0
26.0	49.0	0.0
27.0	49.0	0.0
28.0	49.0	0.0
29.0	49.0	0.0
30.0	49.0	0.0
31.0	49.0	0.0
32.0	49.0	0.0
33.0	49.0	0.0
34.0	49.0	0.0
35.0	49.0	0.0
36.0	49.0	0.0
37.0	49.0	0.0
38.0	49.0	0.0
39.0	49.0	0.0
40.0	49.0	0.0
41.0	49.0	0.0
42.0	49.0	0.0
43.0	49.0	0.0
44.0	49.0	0.0
45.0	49.0	0.0
46.0	49.0	0.0
47.0	49.0	0.0
48.0	49.0	0.0
49.0	49.0	0.0
50.0	49.0	0.0

1.0	50.0	462.0
2.0	50.0	0.0
3.0	50.0	0.0
4.0	50.0	0.0
5.0	50.0	0.0
6.0	50.0	0.0
7.0	50.0	0.0
8.0	50.0	0.0
9.0	50.0	0.0
10.0	50.0	0.0
11.0	50.0	0.0
12.0	50.0	0.0
13.0	50.0	0.0
14.0	50.0	0.0
15.0	50.0	0.0
16.0	50.0	0.0
17.0	50.0	0.0
18.0	50.0	0.0
19.0	50.0	0.0
20.0	50.0	0.0
21.0	50.0	0.0
22.0	50.0	0.0
23.0	50.0	0.0
24.0	50.0	0.0
25.0	50.0	0.0
26.0	50.0	0.0
27.0	50.0	0.0
28.0	50.0	0.0
29.0	50.0	0.0
30.0	50.0	0.0
31.0	50.0	0.0
32.0	50.0	0.0
33.0	50.0	0.0
34.0	50.0	0.0
35.0	50.0	0.0
36.0	50.0	0.0
37.0	50.0	0.0
38.0	50.0	0.0
39.0	50.0	0.0
40.0	50.0	0.0
41.0	50.0	0.0
42.0	50.0	0.0
43.0	50.0	0.0
44.0	50.0	0.0
45.0	50.0	0.0
46.0	50.0	0.0
47.0	50.0	0.0
48.0	50.0	0.0
49.0	50.0	0.0
50.0	50.0	0.0


